6 0.15546875 0.01015625 0.20625 0.0125
6 0.24375 0.05234375 0.4828125 0.05625
2 0.07421875 0.08359375 0.1484375 0.0078125
1 0.0625 0.2953125 0.125 0.065625
1 0.0625 0.375 0.125 0.046875
1 0.0625 0.44453125 0.125 0.046875
1 0.0625 0.51171875 0.125 0.0390625
1 0.06171875 0.58828125 0.1203125 0.065625
1 0.059375 0.6640625 0.11875 0.040625
1 0.0625 0.73828125 0.125 0.0578125
1 0.05390625 0.81171875 0.1046875 0.0390625
1 0.06171875 0.88203125 0.121875 0.0515625
1 0.0625 0.9578125 0.125 0.053125
1 0.21328125 0.93828125 0.1375 0.0890625
1 0.35625 0.928125 0.1359375 0.109375
1 0.21328125 0.33359375 0.1359375 0.178125
1 0.3359375 0.30625 0.0796875 0.0359375
1 0.334375 0.33828125 0.0765625 0.021875
1 0.4265625 0.303125 0.078125 0.0296875
1 0.425 0.334375 0.075 0.028125
1 0.51875 0.32421875 0.0796875 0.0484375
4 0.2125 0.20390625 0.1359375 0.0296875
1 0.35703125 0.390625 0.1375 0.065625
1 0.50078125 0.38984375 0.1359375 0.0640625
1 0.21328125 0.74921875 0.1375 0.175
1 0.35703125 0.740625 0.1375 0.19375
1 0.50078125 0.73984375 0.1375 0.1921875
1 0.50078125 0.96015625 0.1359375 0.046875
1 0.64453125 0.3046875 0.1390625 0.2375
1 0.78828125 0.35234375 0.1359375 0.29375
1 0.93125 0.4453125 0.1359375 0.109375
1 0.64375 0.68984375 0.1359375 0.2953125
1 0.7875 0.70546875 0.1375 0.225
1 0.93203125 0.70625 0.1359375 0.2625
1 0.64453125 0.96015625 0.1375 0.0484375
1 0.7875 0.928125 0.1359375 0.1109375
1 0.93203125 0.92890625 0.1359375 0.109375
4 0.64375 0.9 0.1296875 0.053125
1 0.89609375 0.2296875 0.065625 0.06875
1 0.9640625 0.23125 0.0578125 0.0625
1 0.9265625 0.2828125 0.1125 0.0265625
1 0.89375 0.3296875 0.059375 0.0546875
4 0.87421875 0.05703125 0.2515625 0.0640625
3 0.56796875 0.85859375 0.85 0.025
5 0.49921875 0.90390625 0.13125 0.0578125
3 0.06328125 0.92109375 0.121875 0.01875
3 0.0625 0.84453125 0.1203125 0.01875
3 0.0625 0.78046875 0.121875 0.01875
3 0.0625 0.6984375 0.11875 0.01875
3 0.06015625 0.63359375 0.1171875 0.01875
3 0.05078125 0.54453125 0.096875 0.01875
3 0.04765625 0.48125 0.0921875 0.0171875
3 0.06171875 0.4109375 0.121875 0.01875
3 0.0640625 0.34140625 0.121875 0.0171875
3 0.0609375 0.24453125 0.1203125 0.03125
5 0.06171875 0.19375 0.1203125 0.0625
5 0.35625 0.57109375 0.41875 0.134375
3 0.3546875 0.45625 0.41875 0.0484375
5 0.428125 0.2359375 0.2578125 0.0796875
3 0.4140625 0.1515625 0.5359375 0.0609375
5 0.68359375 0.059375 0.121875 0.071875
5 0.96015625 0.34140625 0.0734375 0.0859375
3 0.85859375 0.14453125 0.278125 0.0734375
3 0.6421875 0.4765625 0.1328125 0.090625
3 0.8484375 0.53984375 0.25625 0.0671875
4 0.2109375 0.49296875 0.13125 0.009375
0 0.06484375 0.28046875 0.1265625 0.10625
0 0.0625 0.365625 0.125 0.071875
0 0.06328125 0.4359375 0.1265625 0.06875
0 0.0625 0.5015625 0.121875 0.065625
0 0.06171875 0.57890625 0.1234375 0.090625
0 0.0609375 0.65390625 0.121875 0.0671875
0 0.06171875 0.7265625 0.1234375 0.0828125
0 0.06015625 0.8 0.1203125 0.0671875
0 0.0625 0.87109375 0.125 0.075
0 0.06328125 0.94765625 0.1265625 0.078125
0 0.5703125 0.91640625 0.859375 0.1421875
0 0.35546875 0.634375 0.4328125 0.4109375
0 0.64453125 0.63515625 0.1421875 0.4109375
0 0.85625 0.67265625 0.278125 0.334375
0 0.85703125 0.303125 0.2828125 0.3953125
0 0.42421875 0.2671875 0.5765625 0.3171875