1 0.2125 0.28203125 0.1359375 0.1421875
1 0.35625 0.3203125 0.1359375 0.065625
1 0.50078125 0.32109375 0.1375 0.065625
1 0.0640625 0.3578125 0.125 0.1046875
1 0.0640625 0.4828125 0.1265625 0.084375
1 0.06328125 0.58515625 0.125 0.059375
1 0.0609375 0.67109375 0.121875 0.053125
1 0.0640625 0.75703125 0.125 0.059375
1 0.2125 0.62265625 0.1359375 0.328125
1 0.35703125 0.67421875 0.1375 0.2234375
1 0.06875 0.91328125 0.1359375 0.1421875
1 0.2125 0.90390625 0.1359375 0.1609375
1 0.35625 0.9640625 0.1359375 0.040625
1 0.50078125 0.96484375 0.1359375 0.040625
1 0.54140625 0.43671875 0.1984375 0.075
1 0.64375 0.3203125 0.1375 0.065625
1 0.3375 0.22421875 0.084375 0.10625
1 0.67421875 0.196875 0.0734375 0.0578125
1 0.6734375 0.25546875 0.071875 0.0421875
1 0.7875 0.25390625 0.1359375 0.2
1 0.74453125 0.43671875 0.190625 0.075
1 0.93046875 0.4859375 0.134375 0.3953125
1 0.64375 0.8359375 0.1359375 0.025
1 0.64453125 0.85859375 0.1359375 0.01875
1 0.61875 0.89375 0.0859375 0.05
1 0.64375 0.9515625 0.1375 0.0640625
1 0.78671875 0.8453125 0.1359375 0.046875
1 0.8203125 0.89375 0.06875 0.05
1 0.78671875 0.9515625 0.1359375 0.0625
1 0.93125 0.88125 0.1375 0.203125
6 0.153125 0.0109375 0.2 0.0125
6 0.2 0.05234375 0.4 0.0515625
2 0.08359375 0.08359375 0.1640625 0.009375
5 0.06328125 0.215625 0.121875 0.1078125
4 0.2125 0.1703125 0.13125 0.028125
4 0.45 0.1625 0.3203125 0.009375
5 0.5125 0.22421875 0.2375 0.10625
3 0.0640625 0.2890625 0.1265625 0.03125
3 0.06328125 0.4265625 0.125 0.0265625
3 0.0578125 0.54140625 0.1125 0.0265625
3 0.05234375 0.63046875 0.1046875 0.0265625
3 0.05546875 0.7140625 0.1109375 0.025
5 0.428125 0.87890625 0.275 0.109375
3 0.28125 0.39765625 0.2734375 0.0703125
5 0.35625 0.48203125 0.13125 0.0828125
4 0.35234375 0.54375 0.1265625 0.0265625
5 0.68203125 0.06015625 0.1359375 0.071875
4 0.87421875 0.05703125 0.2453125 0.065625
3 0.93125 0.1390625 0.134375 0.0640625
5 0.928125 0.221875 0.13125 0.0828125
3 0.64140625 0.38984375 0.3984375 0.015625
4 0.72421875 0.8890625 0.109375 0.0390625
3 0.92890625 0.7234375 0.13125 0.059375
3 0.5015625 0.1375 0.7109375 0.0296875
3 0.42890625 0.8046875 0.8578125 0.021875
4 0.4921875 0.48359375 0.1 0.0078125
5 0.57890625 0.5265625 0.275 0.0765625
4 0.7828125 0.52265625 0.121875 0.078125
4 0.54765625 0.575 0.2140625 0.0078125
4 0.6359375 0.67734375 0.384375 0.0078125
5 0.546875 0.621875 0.2078125 0.0796875
5 0.7546875 0.62265625 0.190625 0.0796875
5 0.4921875 0.734375 0.096875 0.0765625
5 0.62890625 0.73828125 0.1546875 0.0796875
5 0.78125 0.7390625 0.134375 0.078125
0 0.5 0.23046875 0.7171875 0.25
0 0.93046875 0.39453125 0.1390625 0.58125
0 0.0625 0.28828125 0.125 0.2578125
0 0.06328125 0.46875 0.1265625 0.115625
0 0.0625 0.571875 0.125 0.0953125
0 0.0609375 0.65703125 0.121875 0.0859375
0 0.06328125 0.74140625 0.1265625 0.0921875
0 0.2828125 0.57421875 0.29375 0.4296875
0 0.6453125 0.41640625 0.4078125 0.125
0 0.4296875 0.8890625 0.8546875 0.1921875
0 0.928125 0.83671875 0.14375 0.290625