1 0.06875 0.2890625 0.134375 0.1921875
1 0.21015625 0.3265625 0.134375 0.115625
1 0.3515625 0.3265625 0.134375 0.115625
1 0.4921875 0.3265625 0.1328125 0.1171875
1 0.06875 0.53671875 0.134375 0.10625
1 0.21015625 0.51484375 0.134375 0.1484375
1 0.3515625 0.57578125 0.1359375 0.0265625
1 0.4921875 0.575 0.134375 0.0265625
1 0.06953125 0.765625 0.1359375 0.0390625
1 0.04140625 0.83671875 0.078125 0.1015625
1 0.0703125 0.93515625 0.1375 0.096875
1 0.2125 0.76640625 0.1359375 0.0390625
1 0.2390625 0.83671875 0.0828125 0.1
1 0.2140625 0.93515625 0.1359375 0.096875
1 0.3578125 0.7734375 0.1359375 0.0515625
1 0.50078125 0.728125 0.134375 0.1140625
1 0.5015625 0.88671875 0.1359375 0.1921875
1 0.78828125 0.3203125 0.1359375 0.2171875
1 0.63359375 0.3203125 0.1328125 0.103125
1 0.93203125 0.384375 0.1359375 0.1421875
1 0.7890625 0.4515625 0.1359375 0.034375
1 0.634375 0.50859375 0.134375 0.1359375
1 0.79453125 0.71484375 0.109375 0.021875
1 0.79375 0.74453125 0.1078125 0.028125
1 0.79140625 0.77734375 0.10625 0.0296875
1 0.93359375 0.83046875 0.1328125 0.3078125
1 0.7953125 0.89296875 0.1328125 0.1796875
1 0.6546875 0.91875 0.13125 0.128125
6 0.1546875 0.0109375 0.2 0.0125
6 0.18046875 0.0515625 0.35625 0.05
2 0.07265625 0.08359375 0.1421875 0.009375
3 0.31875 0.1375 0.6328125 0.0296875
4 0.0671875 0.1734375 0.13125 0.028125
5 0.28046875 0.2109375 0.2703125 0.10625
3 0.34609375 0.42578125 0.684375 0.021875
5 0.56015625 0.2171875 0.271875 0.0859375
5 0.42421875 0.49765625 0.275 0.0953125
5 0.35703125 0.89296875 0.1421875 0.1796875
5 0.653125 0.73671875 0.1296875 0.1203125
3 0.178125 0.71640625 0.3546875 0.0515625
4 0.13984375 0.83515625 0.10625 0.0625
4 0.653125 0.82109375 0.13125 0.0328125
4 0.875 0.05625 0.2453125 0.0453125
4 0.7828125 0.18984375 0.121875 0.0296875
3 0.85546875 0.14296875 0.26875 0.0421875
5 0.93125 0.2453125 0.1375 0.10625
5 0.859375 0.53046875 0.275 0.115625
3 0.79140625 0.64765625 0.40625 0.046875
3 0.78984375 0.69140625 0.1015625 0.01875
4 0.37109375 0.44453125 0.171875 0.0078125
0 0.353125 0.25234375 0.70625 0.29375
0 0.85390625 0.3515625 0.2921875 0.4859375
0 0.35546875 0.4984375 0.7109375 0.2
0 0.28671875 0.8203125 0.56875 0.3265625
0 0.79296875 0.80234375 0.4140625 0.3671875