6 0.15390625 0.0109375 0.2046875 0.0140625
6 0.20078125 0.05 0.4015625 0.053125
2 0.0734375 0.084375 0.14375 0.0109375
3 0.06171875 0.17421875 0.1234375 0.0328125
1 0.0640625 0.246875 0.128125 0.1109375
4 0.0609375 0.31875 0.121875 0.028125
1 0.06015625 0.38515625 0.1203125 0.103125
1 0.21328125 0.30390625 0.1375 0.265625
1 0.35625 0.37109375 0.1359375 0.1296875
1 0.50078125 0.37109375 0.1359375 0.128125
1 0.64296875 0.2953125 0.1375 0.2828125
1 0.7875 0.30078125 0.1390625 0.2703125
1 0.93046875 0.384375 0.1390625 0.103125
4 0.93046875 0.26640625 0.1171875 0.0625
5 0.93046875 0.19453125 0.1078125 0.0734375
5 0.51171875 0.23515625 0.1046875 0.13125
5 0.67109375 0.05859375 0.1578125 0.0734375
4 0.87890625 0.05625 0.2421875 0.065625
4 0.85703125 0.12734375 0.2765625 0.040625
3 0.42421875 0.13515625 0.5640625 0.0296875
4 0.3765625 0.203125 0.1609375 0.0625
4 0.37734375 0.26875 0.159375 0.0546875
1 0.06953125 0.63203125 0.1375 0.24375
1 0.2125 0.6828125 0.1375 0.140625
1 0.35625 0.68359375 0.1375 0.1421875
1 0.06953125 0.896875 0.1390625 0.175
1 0.2125 0.8203125 0.1375 0.071875
1 0.2125 0.9328125 0.1359375 0.103125
1 0.35625 0.88359375 0.1359375 0.1984375
1 0.5 0.8515625 0.1359375 0.2625
3 0.06171875 0.7953125 0.121875 0.0265625
3 0.2109375 0.86875 0.134375 0.0234375
3 0.21171875 0.4671875 0.41875 0.04375
5 0.21640625 0.54453125 0.125 0.0859375
1 0.35 0.5203125 0.121875 0.021875
1 0.35234375 0.54453125 0.125 0.021875
1 0.35234375 0.57109375 0.128125 0.021875
1 0.3515625 0.59140625 0.125 0.015625
3 0.71015625 0.45546875 0.5546875 0.0203125
5 0.64140625 0.5125 0.128125 0.0859375
1 0.50078125 0.5625 0.1375 0.1546875
1 0.64375 0.60078125 0.1359375 0.078125
1 0.7875 0.60078125 0.1359375 0.078125
4 0.77734375 0.503125 0.1390625 0.0625
1 0.93125 0.553125 0.1375 0.1734375
3 0.71640625 0.6703125 0.5671875 0.04375
5 0.71875 0.75390625 0.2625 0.075
1 0.92421875 0.71953125 0.125 0.0359375
1 0.921875 0.753125 0.11875 0.0234375
1 0.91640625 0.77890625 0.10625 0.0203125
1 0.64375 0.89375 0.1375 0.1796875
1 0.78828125 0.89375 0.1359375 0.18125
1 0.93125 0.89296875 0.1375 0.18125
0 0.0671875 0.23046875 0.1296875 0.153125
0 0.0640625 0.37109375 0.125 0.1359375
0 0.42578125 0.2703125 0.58125 0.33125
0 0.85546875 0.271875 0.2875 0.3328125
0 0.21484375 0.6 0.4265625 0.3109375
0 0.2140625 0.884375 0.425 0.2078125
0 0.7140625 0.54609375 0.56875 0.2015625
0 0.71796875 0.8125 0.5640625 0.334375