1 0.06875 0.234375 0.1359375 0.1609375
1 0.2140625 0.22421875 0.1375 0.178125
1 0.35703125 0.2984375 0.1359375 0.0328125
1 0.5015625 0.29765625 0.1390625 0.034375
1 0.06875 0.61015625 0.1359375 0.0984375
1 0.2125 0.60078125 0.1359375 0.115625
1 0.35625 0.565625 0.1359375 0.1859375
1 0.06328125 0.7859375 0.125 0.0546875
1 0.0609375 0.875 0.11875 0.053125
1 0.0625 0.96015625 0.1203125 0.046875
1 0.2125 0.86171875 0.1359375 0.24375
1 0.35625 0.93515625 0.1359375 0.096875
1 0.5 0.93515625 0.1359375 0.0953125
1 0.64375 0.221875 0.1140625 0.084375
1 0.64375 0.2984375 0.1359375 0.03125
1 0.78828125 0.22421875 0.1359375 0.178125
1 0.93203125 0.278125 0.1359375 0.171875
1 0.89609375 0.4125 0.065625 0.0953125
1 0.93125 0.55859375 0.1375 0.1984375
1 0.7875 0.6046875 0.1359375 0.109375
1 0.50078125 0.6421875 0.1375 0.0328125
1 0.64453125 0.6421875 0.1359375 0.034375
1 0.64453125 0.8546875 0.1359375 0.25625
1 0.7875 0.85546875 0.1375 0.2578125
1 0.93125 0.934375 0.1375 0.096875
6 0.15390625 0.01015625 0.2015625 0.0125
6 0.2796875 0.05078125 0.55625 0.05625
2 0.0734375 0.08359375 0.1421875 0.0078125
3 0.42734375 0.11953125 0.8546875 0.0265625
3 0.6421875 0.15859375 0.1140625 0.0328125
1 0.334375 0.17421875 0.078125 0.046875
1 0.4203125 0.16796875 0.0734375 0.0359375
1 0.5140625 0.1578125 0.090625 0.034375
1 0.509375 0.25234375 0.0828125 0.0359375
1 0.51328125 0.20546875 0.08125 0.0484375
5 0.33203125 0.23671875 0.0734375 0.075
5 0.41875 0.23125 0.0765625 0.0828125
5 0.7015625 0.0609375 0.1015625 0.0671875
3 0.13828125 0.34453125 0.271875 0.0375
5 0.14140625 0.44609375 0.275 0.1546875
4 0.35546875 0.42265625 0.1328125 0.034375
4 0.515625 0.5828125 0.153125 0.0578125
3 0.3421875 0.69296875 0.4 0.0515625
3 0.059375 0.7375 0.1171875 0.0359375
3 0.0609375 0.83046875 0.1203125 0.0296875
3 0.0625 0.91875 0.121875 0.0296875
3 0.35546875 0.80625 0.1328125 0.009375
1 0.32421875 0.84453125 0.0765625 0.0625
1 0.428125 0.84453125 0.084375 0.0625
1 0.52421875 0.84453125 0.0828125 0.0625
3 0.57265625 0.36953125 0.5640625 0.05625
5 0.64296875 0.46953125 0.41875 0.125
3 0.64375 0.69453125 0.1375 0.053125
4 0.93125 0.828125 0.1171875 0.09375
5 0.93125 0.746875 0.109375 0.059375
3 0.85625 0.68359375 0.2734375 0.03125
4 0.96484375 0.40546875 0.065625 0.0796875
5 0.64921875 0.5828125 0.1015625 0.0515625
5 0.4265625 0.7609375 0.275 0.078125
3 0.9296875 0.13984375 0.1328125 0.065625
4 0.8734375 0.05625 0.2375 0.0640625
0 0.4296875 0.2109375 0.859375 0.2140625
0 0.93046875 0.3859375 0.1390625 0.5578125
0 0.57265625 0.490625 0.5734375 0.3375
0 0.140625 0.49140625 0.278125 0.3390625
0 0.06484375 0.765625 0.1265625 0.1015625
0 0.0609375 0.859375 0.121875 0.0875
0 0.06015625 0.9421875 0.1203125 0.0859375
0 0.353125 0.825 0.43125 0.31875
0 0.646875 0.82578125 0.1375 0.3234375
0 0.85625 0.825 0.284375 0.3234375