1 0.06875 0.25390625 0.1375 0.071875
1 0.06953125 0.3625 0.1359375 0.0703125
1 0.06875 0.4671875 0.1359375 0.0640625
1 0.06796875 0.56640625 0.1328125 0.0578125
1 0.03515625 0.684375 0.05 0.05
1 0.06171875 0.715625 0.1015625 0.0125
1 0.2125 0.61640625 0.1359375 0.2375
1 0.35625 0.67734375 0.1359375 0.090625
1 0.5 0.64921875 0.1359375 0.175
1 0.50078125 0.4640625 0.1359375 0.084375
1 0.21328125 0.29140625 0.1359375 0.0703125
1 0.35625 0.31484375 0.1359375 0.0265625
1 0.50078125 0.31484375 0.1375 0.0265625
1 0.06953125 0.89765625 0.1359375 0.175
1 0.2125 0.9546875 0.1375 0.0578125
1 0.35390625 0.9125 0.1296875 0.05
1 0.3625 0.96171875 0.1234375 0.0453125
1 0.659375 0.93515625 0.1046875 0.096875
1 0.7875 0.9296875 0.1359375 0.084375
1 0.64453125 0.6328125 0.1359375 0.1796875
1 0.64453125 0.48671875 0.1359375 0.0390625
1 0.78828125 0.4859375 0.134375 0.040625
1 0.93125 0.44765625 0.1375 0.0921875
1 0.64453125 0.31484375 0.1375 0.028125
1 0.7875 0.26328125 0.1359375 0.128125
1 0.93125 0.25703125 0.1375 0.1171875
1 0.93125 0.79765625 0.1375 0.3703125
6 0.53359375 0.1125 0.9328125 0.05
4 0.10390625 0.05 0.1859375 0.0390625
4 0.45546875 0.05 0.221875 0.0390625
4 0.76796875 0.05 0.1671875 0.0390625
5 0.25625 0.04453125 0.1140625 0.04375
5 0.6171875 0.0390625 0.0921875 0.065625
5 0.93515625 0.03984375 0.1203125 0.0671875
5 0.4984375 0.2515625 0.1140625 0.071875
3 0.54765625 0.18359375 0.8046875 0.025
4 0.20390625 0.21640625 0.1171875 0.034375
4 0.4125 0.20703125 0.2484375 0.009375
4 0.20546875 0.45859375 0.125 0.034375
2 0.11171875 0.0796875 0.2234375 0.0109375
3 0.05234375 0.20078125 0.1046875 0.03125
3 0.06484375 0.3078125 0.128125 0.03125
3 0.06015625 0.41640625 0.1171875 0.0328125
3 0.06796875 0.5171875 0.1328125 0.034375
4 0.065625 0.640625 0.1171875 0.028125
3 0.28359375 0.39375 0.2765625 0.084375
4 0.359375 0.50703125 0.121875 0.090625
5 0.35703125 0.59140625 0.128125 0.071875
5 0.0921875 0.6828125 0.053125 0.046875
5 0.7859375 0.58828125 0.134375 0.0875
5 0.81484375 0.4203125 0.0765625 0.0796875
3 0.7109375 0.34921875 0.5578125 0.025
4 0.49609375 0.3828125 0.1328125 0.0359375
4 0.92734375 0.384375 0.1140625 0.0171875
3 0.640625 0.528125 0.421875 0.0203125
3 0.93125 0.5484375 0.1375 0.0671875
3 0.40546875 0.775 0.80625 0.0234375
4 0.25 0.80078125 0.096875 0.01875
1 0.24921875 0.84453125 0.09375 0.0640625
1 0.41328125 0.8265625 0.0765625 0.0671875
1 0.6 0.81015625 0.134375 0.0359375
1 0.6390625 0.85546875 0.084375 0.0421875
4 0.21171875 0.90625 0.125 0.01875
5 0.17109375 0.8359375 0.0546875 0.0875
5 0.4921875 0.82421875 0.0796875 0.071875
5 0.565625 0.9140625 0.059375 0.1359375
5 0.3359375 0.83671875 0.071875 0.0859375
5 0.76953125 0.83515625 0.16875 0.0890625
5 0.36328125 0.2609375 0.146875 0.0625
5 0.63671875 0.26015625 0.1453125 0.0640625
5 0.6734375 0.4171875 0.1984375 0.084375
4 0.653125 0.3703125 0.1484375 0.0078125
4 0.80078125 0.659375 0.071875 0.0265625
4 0.80703125 0.690625 0.0828125 0.0203125
4 0.80625 0.71796875 0.0796875 0.0203125
0 0.07109375 0.234375 0.1421875 0.121875
0 0.065625 0.3453125 0.13125 0.10625
0 0.0671875 0.4484375 0.134375 0.103125
0 0.06484375 0.5484375 0.1296875 0.1
0 0.571875 0.25 0.85625 0.1625
0 0.2859375 0.53828125 0.2828125 0.403125
0 0.71328125 0.421875 0.5734375 0.1734375
0 0.64296875 0.62890625 0.428125 0.228125
0 0.9296875 0.74921875 0.140625 0.471875
0 0.43046875 0.8640625 0.8578125 0.2453125
0 0.06953125 0.6703125 0.1296875 0.1328125