6 0.1546875 0.0109375 0.2015625 0.0125
6 0.18125 0.05 0.359375 0.053125
2 0.08203125 0.08359375 0.1625 0.009375
3 0.2765625 0.15234375 0.553125 0.0578125
4 0.0546875 0.2046875 0.1046875 0.028125
5 0.33515625 0.2328125 0.1734375 0.078125
1 0.06953125 0.37109375 0.1390625 0.24375
1 0.2125 0.425 0.1375 0.134375
1 0.35703125 0.425 0.1359375 0.134375
1 0.1953125 0.23671875 0.090625 0.0640625
1 0.1953125 0.28671875 0.0828125 0.028125
1 0.19609375 0.325 0.084375 0.0421875
1 0.284375 0.2953125 0.071875 0.0421875
1 0.375 0.29609375 0.0875 0.0421875
1 0.3359375 0.334375 0.175 0.021875
1 0.50078125 0.33984375 0.1359375 0.30625
3 0.21328125 0.546875 0.4171875 0.084375
5 0.2125 0.67734375 0.41875 0.165625
1 0.06875 0.875 0.134375 0.2171875
1 0.2125 0.875 0.1359375 0.2171875
1 0.3578125 0.875 0.1359375 0.2171875
5 0.69453125 0.059375 0.1453125 0.071875
4 0.88828125 0.05703125 0.21875 0.0640625
3 0.78515625 0.1515625 0.41875 0.05
5 0.7125 0.88046875 0.5546875 0.165625
5 0.7875 0.42734375 0.1484375 0.1484375
1 0.93203125 0.30078125 0.134375 0.24375
1 0.94375 0.4578125 0.1125 0.0703125
1 0.64375 0.425 0.1359375 0.1359375
1 0.64375 0.26640625 0.1328125 0.171875
1 0.78828125 0.2640625 0.1359375 0.165625
4 0.68203125 0.7890625 0.4921875 0.009375
4 0.92734375 0.65859375 0.128125 0.0171875
4 0.55078125 0.65390625 0.2328125 0.0078125
4 0.628125 0.72265625 0.390625 0.009375
4 0.59375 0.50859375 0.3171875 0.0078125
5 0.715625 0.57890625 0.5640625 0.125
5 0.64296875 0.68671875 0.4171875 0.0515625
5 0.92890625 0.6953125 0.13125 0.05
5 0.64296875 0.75234375 0.421875 0.046875
5 0.92890625 0.75234375 0.13125 0.04375
0 0.28515625 0.30078125 0.5703125 0.3890625
0 0.7875 0.30625 0.425 0.39375
0 0.21328125 0.74375 0.425 0.48125