6 0.1546875 0.0109375 0.203125 0.0140625
6 0.28203125 0.04921875 0.5609375 0.05625
2 0.08125 0.08359375 0.1625 0.009375
3 0.3546875 0.13515625 0.70625 0.028125
3 0.8609375 0.128125 0.2640625 0.028125
3 0.284375 0.41484375 0.5609375 0.0546875
3 0.85 0.453125 0.2546875 0.0453125
3 0.64296875 0.41484375 0.1328125 0.053125
3 0.496875 0.74765625 0.3984375 0.01875
3 0.05703125 0.74921875 0.1140625 0.034375
3 0.21171875 0.74921875 0.13125 0.0359375
3 0.778125 0.875 0.1171875 0.025
3 0.9296875 0.77890625 0.1328125 0.0359375
4 0.86015625 0.565625 0.0859375 0.0359375
4 0.8984375 0.05625 0.203125 0.0640625
5 0.71953125 0.059375 0.1234375 0.06875
5 0.284375 0.22578125 0.275 0.1390625
5 0.4984375 0.19765625 0.1109375 0.0734375
1 0.4921875 0.26796875 0.10625 0.0640625
5 0.8859375 0.3078125 0.090625 0.0921875
5 0.3546875 0.6171875 0.15 0.1703125
1 0.06875 0.27578125 0.1375 0.2046875
1 0.21328125 0.34609375 0.1359375 0.0640625
1 0.35625 0.3453125 0.1359375 0.0640625
1 0.5 0.34609375 0.134375 0.0625
1 0.64296875 0.26328125 0.134375 0.215625
1 0.64375 0.584375 0.1359375 0.2359375
1 0.06953125 0.584375 0.1359375 0.2375
1 0.06796875 0.878125 0.1359375 0.2109375
1 0.2125 0.87734375 0.1359375 0.2109375
1 0.36640625 0.85234375 0.128125 0.1859375
1 0.5015625 0.85234375 0.1265625 0.184375
1 0.35703125 0.9703125 0.134375 0.0265625
1 0.50078125 0.97109375 0.1359375 0.0265625
1 0.63515625 0.85234375 0.128125 0.184375
1 0.64375 0.97109375 0.134375 0.0265625
1 0.7875 0.93515625 0.1359375 0.0953125
1 0.93203125 0.890625 0.1359375 0.184375
1 0.78671875 0.79921875 0.134375 0.128125
1 0.93125 0.74765625 0.134375 0.025
1 0.7875 0.6515625 0.134375 0.1015625
1 0.93125 0.65234375 0.1359375 0.1015625
1 0.95625 0.57265625 0.0875 0.05625
1 0.765625 0.571875 0.0921875 0.05625
1 0.78671875 0.5203125 0.1359375 0.0453125
1 0.93203125 0.51171875 0.1359375 0.0640625
1 0.8234375 0.37109375 0.1953125 0.028125
1 0.959375 0.3859375 0.05625 0.05625
1 0.821875 0.40234375 0.1890625 0.028125
1 0.9609375 0.2125 0.0515625 0.0671875
1 0.96015625 0.28359375 0.0515625 0.0609375
1 0.78203125 0.3078125 0.1125 0.08125
1 0.87109375 0.21640625 0.10625 0.0796875
4 0.85859375 0.1578125 0.2609375 0.025
1 0.2125 0.4890625 0.1375 0.084375
1 0.175 0.546875 0.0640625 0.03125
1 0.21171875 0.57265625 0.134375 0.01875
1 0.35625 0.48671875 0.1359375 0.078125
1 0.50078125 0.50546875 0.1375 0.1140625
1 0.51484375 0.59453125 0.10625 0.0625
1 0.5 0.68046875 0.1359375 0.03125
1 0.5171875 0.6453125 0.1 0.0359375
1 0.16796875 0.5953125 0.046875 0.025
1 0.2078125 0.6203125 0.1265625 0.0234375
1 0.2 0.66796875 0.1109375 0.06875
4 0.75546875 0.203125 0.0390625 0.046875
0 0.3578125 0.2453125 0.7109375 0.2828125
0 0.859375 0.26953125 0.2734375 0.325
0 0.3578125 0.54921875 0.7109375 0.31875
0 0.86015625 0.56796875 0.2796875 0.2765625
0 0.0703125 0.85625 0.1375 0.2609375
0 0.21328125 0.85703125 0.140625 0.2578125
0 0.50078125 0.8421875 0.4140625 0.2140625
0 0.92890625 0.8734375 0.1359375 0.221875
0 0.7859375 0.92421875 0.1359375 0.11875