2 0.08203125 0.009375 0.159375 0.0125
6 0.13046875 0.03984375 0.1546875 0.028125
3 0.171875 0.18984375 0.3390625 0.1140625
5 0.18515625 0.3296875 0.1109375 0.128125
4 0.18828125 0.415625 0.0984375 0.0359375
4 0.05859375 0.29453125 0.1125 0.05625
4 0.46953125 0.33046875 0.1515625 0.26875
1 0.059375 0.68984375 0.1171875 0.6203125
1 0.1859375 0.9109375 0.1171875 0.178125
1 0.31171875 0.63125 0.1171875 0.7359375
1 0.46796875 0.65859375 0.1515625 0.296875
1 0.459375 0.928125 0.140625 0.14375
1 0.1828125 0.74453125 0.090625 0.096875
1 0.184375 0.615625 0.096875 0.1375
1 0.184375 0.4890625 0.0953125 0.0953125
4 0.5453125 0.84140625 0.3109375 0.0140625
1 0.6078125 0.928125 0.1375 0.14375
1 0.76328125 0.928125 0.1421875 0.14375
1 0.91328125 0.92890625 0.1375 0.1421875
1 0.7828125 0.6625 0.1765625 0.3
1 0.934375 0.521875 0.103125 0.578125
4 0.9234375 0.21328125 0.0828125 0.03125
4 0.77890625 0.49921875 0.1609375 0.0140625
4 0.4515625 0.5 0.121875 0.0171875
3 0.6859375 0.16328125 0.5859375 0.0421875
5 0.7125 0.3359375 0.3109375 0.2625
4 0.621875 0.5296875 0.1046875 0.075
4 0.62265625 0.64375 0.109375 0.10625
4 0.62265625 0.765625 0.0671875 0.09375
6 0.91796875 0.040625 0.1453125 0.0234375
0 0.1859375 0.54921875 0.371875 0.9015625
0 0.6921875 0.91484375 0.615625 0.1703125
0 0.68828125 0.47578125 0.6015625 0.678125