1 0.1546875 0.34296875 0.3078125 0.3640625
1 0.4265625 0.35234375 0.153125 0.3203125
1 0.1546875 0.62265625 0.284375 0.059375
3 0.1515625 0.5828125 0.2765625 0.01875
4 0.15546875 0.14140625 0.2765625 0.0234375
3 0.15546875 0.1171875 0.2484375 0.01875
6 0.21171875 0.05078125 0.3375 0.05625
6 0.15390625 0.0109375 0.2015625 0.0140625
2 0.2984375 0.08359375 0.1625 0.009375
5 0.40859375 0.57890625 0.0875 0.04375
1 0.42421875 0.73125 0.1515625 0.2515625
1 0.4234375 0.93203125 0.1484375 0.065625
3 0.42265625 0.8890625 0.14375 0.01875
5 0.61015625 0.059375 0.1390625 0.0703125
4 0.840625 0.05703125 0.315625 0.065625
4 0.67265625 0.13046875 0.521875 0.021875
3 0.6734375 0.16015625 0.5359375 0.028125
5 0.734375 0.22421875 0.0828125 0.046875
4 0.67578125 0.37421875 0.134375 0.0890625
1 0.9234375 0.353125 0.153125 0.321875
1 0.7578125 0.4703125 0.1515625 0.0828125
1 0.59140625 0.4703125 0.1515625 0.0828125
1 0.590625 0.2890625 0.1515625 0.0640625
1 0.75625 0.28828125 0.1515625 0.0625
1 0.55703125 0.37421875 0.084375 0.1078125
1 0.7921875 0.37421875 0.0828125 0.109375
3 0.6734375 0.53671875 0.446875 0.025
4 0.84140625 0.57421875 0.2984375 0.0390625
4 0.67421875 0.71796875 0.0859375 0.046875
1 0.9234375 0.73203125 0.153125 0.25
1 0.590625 0.92265625 0.1515625 0.0828125
1 0.75546875 0.921875 0.15 0.0828125
1 0.92265625 0.91640625 0.153125 0.0703125
1 0.58984375 0.80546875 0.1515625 0.103125
1 0.75625 0.80546875 0.153125 0.103125
1 0.56953125 0.71875 0.109375 0.06875
1 0.77890625 0.71875 0.10625 0.06875
1 0.75546875 0.64609375 0.1484375 0.0765625
1 0.590625 0.64609375 0.153125 0.078125
4 0.14921875 0.66171875 0.2125 0.0078125
5 0.08125 0.7203125 0.134375 0.0859375
5 0.2265625 0.71953125 0.1296875 0.0828125
5 0.15234375 0.82578125 0.2765625 0.0734375
5 0.153125 0.9125 0.2765625 0.053125
4 0.16640625 0.7734375 0.2453125 0.0078125
4 0.11875 0.87265625 0.1515625 0.0078125
0 0.1609375 0.3140625 0.3125 0.4328125
0 0.6609375 0.31171875 0.678125 0.425
0 0.66875 0.69140625 0.6625 0.3328125
0 0.6703125 0.9125 0.659375 0.1046875
0 0.15703125 0.61015625 0.290625 0.08125