1 0.06015625 0.36484375 0.1171875 0.434375
1 0.31171875 0.34921875 0.1171875 0.440625
1 0.1859375 0.46953125 0.1171875 0.2234375
1 0.06015625 0.73125 0.11875 0.1484375
1 0.184375 0.75078125 0.1203125 0.1078125
1 0.31171875 0.721875 0.11875 0.165625
1 0.4375 0.69296875 0.11875 0.2234375
1 0.446875 0.31796875 0.1125 0.146875
1 0.06015625 0.92265625 0.1171875 0.1234375
1 0.1859375 0.91328125 0.1171875 0.1421875
1 0.3109375 0.9640625 0.1171875 0.0390625
1 0.4375 0.9640625 0.11875 0.0390625
1 0.5625 0.9640625 0.1171875 0.0390625
1 0.56328125 0.740625 0.1171875 0.128125
1 0.503125 0.45078125 0.2296875 0.075
1 0.934375 0.22890625 0.103125 0.24375
1 0.79765625 0.278125 0.1515625 0.0828125
1 0.81328125 0.3546875 0.115625 0.06875
1 0.7484375 0.45390625 0.2296875 0.0671875
1 0.93359375 0.43984375 0.1046875 0.0953125
1 0.68828125 0.740625 0.1171875 0.128125
1 0.8140625 0.68359375 0.1171875 0.24375
1 0.940625 0.69921875 0.11875 0.2109375
1 0.68828125 0.9125 0.11875 0.1421875
1 0.81484375 0.9125 0.11875 0.140625
1 0.940625 0.9125 0.11875 0.140625
2 0.07265625 0.0046875 0.1421875 0.0078125
6 0.13125 0.0203125 0.1546875 0.015625
3 0.16796875 0.09375 0.3328125 0.0625
5 0.1859375 0.1875 0.0953125 0.10625
1 0.1828125 0.275 0.09375 0.040625
1 0.18671875 0.32421875 0.096875 0.046875
3 0.1859375 0.61328125 0.3671875 0.0421875
4 0.1859375 0.6609375 0.103125 0.046875
4 0.36953125 0.90234375 0.21875 0.0578125
5 0.5484375 0.890625 0.121875 0.0796875
6 0.91640625 0.0203125 0.1484375 0.0109375
3 0.5265625 0.0890625 0.26875 0.0390625
1 0.49921875 0.16015625 0.21875 0.0953125
5 0.77109375 0.1375 0.2109375 0.1578125
4 0.603125 0.23671875 0.16875 0.034375
4 0.58125 0.27734375 0.1296875 0.0328125
4 0.57421875 0.321875 0.1140625 0.0390625
4 0.55234375 0.36953125 0.071875 0.040625
5 0.6828125 0.33515625 0.0703125 0.1234375
3 0.6203125 0.53359375 0.484375 0.0484375
3 0.940625 0.540625 0.1171875 0.0609375
1 0.55234375 0.596875 0.08125 0.0421875
1 0.5515625 0.6453125 0.08125 0.046875
1 0.66875 0.65390625 0.125 0.028125
5 0.67109375 0.6015625 0.1296875 0.06875
3 0.4359375 0.23203125 0.0921875 0.021875
3 0.78359375 0.228125 0.1234375 0.015625
3 0.93203125 0.0890625 0.1 0.0375
3 0.928125 0.3765625 0.0953125 0.0296875
3 0.4734375 0.40703125 0.1640625 0.0109375
3 0.73125 0.41015625 0.1890625 0.015625
3 0.5 0.82578125 1 0.025
0 0.1859375 0.31875 0.371875 0.534375
0 0.68125 0.27109375 0.6234375 0.4390625
0 0.6265625 0.653125 0.4984375 0.303125
0 0.93984375 0.6515625 0.1203125 0.3
0 0.18984375 0.69609375 0.3796875 0.215625
0 0.5 0.9 1 0.1765625