1 0.21328125 0.3046875 0.1359375 0.2125
1 0.35703125 0.36484375 0.1359375 0.090625
1 0.50078125 0.36484375 0.1375 0.090625
1 0.06484375 0.53671875 0.125 0.0765625
1 0.06484375 0.6421875 0.128125 0.084375
1 0.06484375 0.740625 0.1265625 0.065625
1 0.06484375 0.82109375 0.1265625 0.0484375
1 0.0640625 0.890625 0.125 0.0453125
1 0.065625 0.96015625 0.1265625 0.0453125
1 0.21328125 0.9328125 0.1375 0.1046875
1 0.35703125 0.93828125 0.134375 0.0921875
1 0.21328125 0.79453125 0.1359375 0.0703125
1 0.35703125 0.79453125 0.134375 0.0703125
1 0.36875 0.84609375 0.1125 0.03125
1 0.35703125 0.875 0.1375 0.025
1 0.20078125 0.84609375 0.1109375 0.03125
1 0.2046875 0.86796875 0.115625 0.0125
1 0.50078125 0.7765625 0.1359375 0.03125
1 0.5 0.878125 0.134375 0.1609375
1 0.4953125 0.97265625 0.1265625 0.021875
1 0.21328125 0.584375 0.1375 0.2359375
1 0.35625 0.6328125 0.1359375 0.140625
1 0.50078125 0.63203125 0.1359375 0.140625
1 0.64453125 0.2953125 0.1359375 0.2296875
1 0.78671875 0.45390625 0.1359375 0.4984375
1 0.64375 0.53046875 0.1359375 0.05
1 0.6125 0.59140625 0.0734375 0.06875
1 0.64453125 0.66484375 0.1359375 0.0765625
1 0.93125 0.553125 0.1359375 0.3
1 0.64453125 0.7796875 0.1375 0.0390625
1 0.78828125 0.871875 0.1359375 0.2234375
1 0.93125 0.871875 0.1375 0.225
1 0.5 0.51484375 0.1140625 0.0703125
6 0.15390625 0.0109375 0.2015625 0.0140625
6 0.178125 0.05 0.353125 0.0546875
2 0.07421875 0.08359375 0.1421875 0.0078125
3 0.0625 0.47890625 0.1203125 0.034375
3 0.05546875 0.5890625 0.10625 0.01875
3 0.06171875 0.69765625 0.121875 0.01875
3 0.05859375 0.78671875 0.109375 0.01875
3 0.0625 0.85703125 0.11875 0.01875
3 0.05078125 0.92734375 0.096875 0.0203125
3 0.35625 0.43203125 0.4203125 0.025
4 0.50078125 0.465625 0.1140625 0.025
4 0.5 0.215625 0.1109375 0.025
4 0.48125 0.25625 0.0703125 0.05625
5 0.54140625 0.27265625 0.046875 0.0859375
5 0.68359375 0.0609375 0.1375 0.06875
3 0.42578125 0.15 0.5578125 0.05625
3 0.63984375 0.44921875 0.1234375 0.0578125
5 0.6796875 0.584375 0.053125 0.04375
3 0.56796875 0.74296875 0.8421875 0.0234375
5 0.64375 0.89140625 0.1453125 0.178125
4 0.875 0.053125 0.2421875 0.0578125
3 0.859375 0.14296875 0.278125 0.0703125
5 0.93125 0.22109375 0.1109375 0.053125
1 0.93046875 0.28203125 0.1125 0.0421875
1 0.9203125 0.31953125 0.090625 0.021875
1 0.92734375 0.34921875 0.1046875 0.028125
1 0.93046875 0.378125 0.109375 0.021875
3 0.0703125 0.121875 0.1171875 0.0125
4 0.0484375 0.15625 0.0734375 0.01875
5 0.07109375 0.19140625 0.115625 0.046875
5 0.071875 0.28359375 0.1125 0.0484375
5 0.0703125 0.37109375 0.1125 0.0484375
4 0.0515625 0.2453125 0.078125 0.01875
4 0.04375 0.334375 0.065625 0.0171875
4 0.33828125 0.45234375 0.09375 0.009375
5 0.35703125 0.5078125 0.13125 0.0875
4 0.35078125 0.18828125 0.11875 0.009375
5 0.3625 0.25546875 0.14375 0.103125
4 0.928125 0.253125 0.103125 0.009375
0 0.4328125 0.25859375 0.56875 0.3
0 0.85859375 0.403125 0.2828125 0.6046875
0 0.4296875 0.56328125 0.58125 0.3
0 0.06875 0.51875 0.128125 0.1203125
0 0.06484375 0.63359375 0.125 0.10625
0 0.0625 0.7328125 0.125 0.0890625
0 0.06484375 0.81484375 0.1296875 0.06875
0 0.065625 0.88125 0.13125 0.075
0 0.06484375 0.95078125 0.1296875 0.071875
0 0.571875 0.84765625 0.85625 0.2765625