1 0.059375 0.265625 0.115625 0.159375
1 0.1859375 0.2953125 0.1171875 0.103125
1 0.31171875 0.2953125 0.115625 0.103125
1 0.43671875 0.234375 0.115625 0.2234375
1 0.56328125 0.234375 0.1171875 0.2234375
1 0.06875 0.51171875 0.1109375 0.1421875
1 0.18828125 0.4828125 0.1109375 0.1984375
1 0.30859375 0.5265625 0.1109375 0.109375
1 0.42890625 0.4828125 0.1125 0.1984375
1 0.56328125 0.50078125 0.1171875 0.171875
1 0.4375 0.73515625 0.11875 0.1546875
1 0.56328125 0.76953125 0.1171875 0.084375
1 0.57421875 0.92578125 0.1140625 0.1171875
5 0.44453125 0.9015625 0.125 0.159375
5 0.2484375 0.840625 0.240625 0.2828125
5 0.06015625 0.909375 0.0921875 0.075
5 0.059375 0.80703125 0.0984375 0.11875
5 0.2484375 0.646875 0.240625 0.096875
1 0.0609375 0.6578125 0.1125 0.034375
1 0.0609375 0.7171875 0.1125 0.040625
4 0.06015625 0.6328125 0.05625 0.00625
4 0.059375 0.690625 0.1078125 0.00625
3 0.24296875 0.371875 0.45625 0.01875
4 0.06171875 0.40078125 0.0953125 0.0265625
3 0.5609375 0.3828125 0.1140625 0.053125
3 0.5015625 0.61640625 0.2390625 0.0359375
5 0.56171875 0.68125 0.1125 0.08125
5 0.30859375 0.090625 0.609375 0.0515625
4 0.05390625 0.14140625 0.103125 0.0265625
6 0.12421875 0.01875 0.1390625 0.0140625
2 0.08046875 0.0046875 0.159375 0.0078125
5 0.2484375 0.17578125 0.2390625 0.096875
5 0.30703125 0.4265625 0.1078125 0.08125
4 0.7890625 0.0609375 0.253125 0.0125
5 0.81328125 0.1421875 0.3421875 0.1390625
3 0.81328125 0.26640625 0.365625 0.0390625
4 0.81484375 0.315625 0.1109375 0.0453125
1 0.68984375 0.4125 0.1171875 0.1984375
1 0.8140625 0.43203125 0.115625 0.159375
1 0.93984375 0.40234375 0.1171875 0.2171875
3 0.81171875 0.54140625 0.359375 0.0359375
5 0.875 0.5984375 0.2375 0.065625
1 0.68828125 0.69609375 0.1171875 0.23125
1 0.81484375 0.72421875 0.1171875 0.171875
1 0.940625 0.72421875 0.11875 0.1734375
5 0.703125 0.88984375 0.10625 0.071875
3 0.7375 0.83359375 0.434375 0.025
1 0.6984375 0.96015625 0.1125 0.046875
1 0.81953125 0.96015625 0.1125 0.046875
1 0.9421875 0.915625 0.115625 0.134375
1 0.8140625 0.88515625 0.1046875 0.0421875
1 0.8171875 0.9171875 0.1015625 0.0140625
4 0.81640625 0.85703125 0.1015625 0.009375
6 0.91796875 0.0203125 0.1484375 0.009375
0 0.3125 0.1984375 0.6234375 0.3
0 0.24921875 0.47265625 0.475 0.2234375
0 0.5625 0.47265625 0.11875 0.234375
0 0.49921875 0.70390625 0.246875 0.2171875
0 0.75703125 0.90234375 0.4859375 0.1640625
0 0.81328125 0.6671875 0.3734375 0.2921875
0 0.8140625 0.37890625 0.371875 0.2671875