1 0.15546875 0.33984375 0.3109375 0.35625
1 0.42578125 0.3515625 0.1546875 0.321875
1 0.15546875 0.6546875 0.309375 0.0828125
1 0.20625 0.75078125 0.203125 0.1078125
1 0.1546875 0.88515625 0.309375 0.1578125
1 0.590625 0.29453125 0.153125 0.078125
1 0.5609375 0.38515625 0.090625 0.1015625
1 0.590625 0.47421875 0.1515625 0.0765625
1 0.75703125 0.4734375 0.1515625 0.0765625
1 0.78984375 0.38125 0.0875 0.1078125
1 0.7578125 0.29296875 0.153125 0.06875
1 0.42421875 0.73125 0.153125 0.2375
1 0.42265625 0.9328125 0.146875 0.065625
1 0.58984375 0.92265625 0.15 0.084375
1 0.75546875 0.921875 0.1515625 0.084375
1 0.590625 0.8046875 0.153125 0.090625
1 0.75703125 0.8046875 0.153125 0.0890625
1 0.59140625 0.64609375 0.153125 0.0640625
1 0.75703125 0.6453125 0.1515625 0.0640625
1 0.56640625 0.71875 0.103125 0.08125
1 0.78125 0.71875 0.103125 0.08125
1 0.92265625 0.275 0.153125 0.165625
1 0.92265625 0.4359375 0.153125 0.153125
1 0.9234375 0.73203125 0.153125 0.2375
1 0.9203125 0.9234375 0.1453125 0.0609375
6 0.153125 0.0109375 0.2046875 0.0125
6 0.2125 0.0515625 0.3359375 0.0546875
2 0.3078125 0.084375 0.1453125 0.0078125
3 0.15859375 0.1171875 0.2515625 0.01875
4 0.15546875 0.14296875 0.3046875 0.021875
4 0.1546875 0.5875 0.29375 0.021875
3 0.1546875 0.546875 0.275 0.0375
5 0.04765625 0.72734375 0.09375 0.046875
3 0.4109375 0.88984375 0.121875 0.0203125
5 0.403125 0.58359375 0.109375 0.0484375
4 0.67421875 0.7203125 0.096875 0.059375
4 0.6765625 0.3796875 0.128125 0.0796875
3 0.91015625 0.884375 0.128125 0.0109375
3 0.675 0.54296875 0.5671875 0.0265625
4 0.83828125 0.58125 0.284375 0.0390625
3 0.6734375 0.1625 0.31875 0.0328125
5 0.740625 0.22109375 0.09375 0.0546875
5 0.68203125 0.059375 0.1375 0.0703125
4 0.675 0.1296875 0.48125 0.0203125
4 0.87265625 0.0484375 0.2390625 0.05
0 0.159375 0.31171875 0.3140625 0.41875
0 0.66328125 0.31015625 0.6734375 0.415625
0 0.15859375 0.7453125 0.3171875 0.4421875
0 0.6609375 0.68828125 0.675 0.3328125
0 0.6640625 0.9125 0.671875 0.1140625