1 0.06796875 0.70390625 0.134375 0.10625
1 0.06796875 0.50703125 0.134375 0.1421875
1 0.06875 0.915625 0.1359375 0.16875
1 0.2234375 0.80703125 0.1609375 0.3859375
1 0.18984375 0.590625 0.090625 0.028125
1 0.390625 0.88359375 0.1609375 0.184375
1 0.5625 0.61640625 0.1703125 0.1875
1 0.52734375 0.5015625 0.096875 0.03125
1 0.56796875 0.87734375 0.1640625 0.1703125
1 0.7375 0.8765625 0.1625 0.1703125
1 0.90859375 0.8765625 0.165625 0.16875
1 0.7390625 0.653125 0.1703125 0.10625
1 0.91484375 0.6421875 0.1703125 0.084375
1 0.9390625 0.43125 0.1125 0.0484375
1 0.93828125 0.55234375 0.1109375 0.0546875
1 0.72890625 0.50625 0.146875 0.1515625
1 0.35390625 0.57265625 0.078125 0.0671875
1 0.4328125 0.5484375 0.059375 0.1046875
3 0.05859375 0.4015625 0.1171875 0.0640625
3 0.0671875 0.61640625 0.134375 0.0640625
3 0.059375 0.79453125 0.11875 0.0640625
3 0.3078125 0.42734375 0.321875 0.1140625
3 0.73671875 0.3671875 0.5140625 0.053125
3 0.5578125 0.7625 0.1375 0.05
3 0.73125 0.76484375 0.1515625 0.0515625
3 0.89296875 0.76484375 0.128125 0.0515625
1 0.34921875 0.73828125 0.0796875 0.0828125
1 0.4359375 0.7375 0.0703125 0.08125
4 0.559375 0.4390625 0.1625 0.0625
4 0.21953125 0.52578125 0.15 0.0625
4 0.72265625 0.4171875 0.1359375 0.0171875
4 0.10390625 0.09921875 0.190625 0.0796875
4 0.43984375 0.0984375 0.1828125 0.0796875
4 0.7671875 0.09765625 0.1671875 0.0765625
2 0.10234375 0.159375 0.203125 0.0140625
6 0.5328125 0.22578125 0.934375 0.0953125
5 0.265625 0.07734375 0.1109375 0.1390625
5 0.59453125 0.08984375 0.115625 0.090625
5 0.93515625 0.4921875 0.10625 0.059375
5 0.83984375 0.5015625 0.0703125 0.1734375
5 0.38828125 0.6515625 0.1546875 0.08125
5 0.93984375 0.08046875 0.1125 0.1296875
0 0.06796875 0.4640625 0.1359375 0.2390625
0 0.06953125 0.675 0.134375 0.1828125
0 0.30546875 0.6625 0.3328125 0.6359375
0 0.06953125 0.88046875 0.1390625 0.23125
0 0.73359375 0.521875 0.51875 0.36875
0 0.56640625 0.84765625 0.1765625 0.240625
0 0.91015625 0.84921875 0.1703125 0.24375
0 0.73671875 0.8484375 0.1625 0.2328125