6 0.15390625 0.0109375 0.2 0.0125
6 0.28203125 0.05 0.5609375 0.05625
2 0.08125 0.08359375 0.1625 0.0078125
3 0.26953125 0.15078125 0.534375 0.059375
1 0.06796875 0.31328125 0.1328125 0.2578125
1 0.209375 0.37109375 0.1328125 0.1421875
1 0.35078125 0.4 0.1328125 0.084375
1 0.49140625 0.39453125 0.134375 0.096875
5 0.3421875 0.30703125 0.1328125 0.090625
5 0.2546875 0.22421875 0.2203125 0.071875
5 0.484375 0.26484375 0.14375 0.153125
3 0.3390625 0.4625 0.678125 0.01875
5 0.053125 0.5140625 0.1015625 0.0671875
1 0.1890625 0.496875 0.1515625 0.0421875
1 0.178125 0.540625 0.128125 0.04375
1 0.19140625 0.57578125 0.153125 0.025
1 0.35859375 0.4984375 0.15625 0.040625
1 0.3734375 0.540625 0.1296875 0.04375
1 0.3609375 0.57265625 0.159375 0.01875
5 0.5734375 0.525 0.2421875 0.0921875
6 0.246875 0.6265625 0.4859375 0.040625
3 0.28203125 0.69609375 0.5609375 0.0265625
4 0.06484375 0.73203125 0.1265625 0.03125
1 0.06953125 0.875 0.1375 0.21875
1 0.21328125 0.94140625 0.1359375 0.084375
1 0.35625 0.94140625 0.1359375 0.0828125
1 0.50078125 0.9421875 0.134375 0.084375
4 0.8671875 0.05390625 0.2265625 0.053125
1 0.6328125 0.2765625 0.134375 0.334375
3 0.83359375 0.13828125 0.20625 0.025
4 0.7921875 0.171875 0.121875 0.028125
1 0.79375 0.41640625 0.1265625 0.334375
1 0.9265625 0.41015625 0.125 0.31875
5 0.925 0.203125 0.1203125 0.0921875
5 0.79921875 0.21484375 0.1046875 0.0421875
3 0.78828125 0.63515625 0.403125 0.0484375
4 0.65234375 0.6796875 0.1265625 0.0296875
5 0.86171875 0.7171875 0.2671875 0.1078125
1 0.6546875 0.85546875 0.13125 0.25625
1 0.79453125 0.88046875 0.13125 0.2046875
1 0.93359375 0.875 0.13125 0.1921875
5 0.35546875 0.7984375 0.4046875 0.1609375
0 0.353125 0.27578125 0.7046875 0.3390625
0 0.85703125 0.34921875 0.275 0.478125
0 0.34921875 0.521875 0.696875 0.1375
0 0.28359375 0.8265625 0.565625 0.3171875
0 0.79296875 0.79765625 0.4140625 0.3734375