6 0.3953125 0.06015625 0.3703125 0.04375
6 0.53203125 0.14765625 0.6390625 0.1265625
2 0.9375 0.13359375 0.0859375 0.0234375
4 0.0890625 0.1390625 0.0984375 0.1296875
5 0.175 0.128125 0.065625 0.1640625
5 0.55546875 0.3484375 0.125 0.209375
5 0.20546875 0.84140625 0.121875 0.3171875
5 0.56171875 0.875 0.1265625 0.25
3 0.2609375 0.32578125 0.45625 0.1421875
4 0.2609375 0.41953125 0.459375 0.04375
1 0.0859375 0.503125 0.1125 0.1140625
1 0.2046875 0.4984375 0.109375 0.1015625
1 0.32421875 0.51015625 0.109375 0.128125
1 0.44375 0.8671875 0.10625 0.265625
1 0.5640625 0.64140625 0.1125 0.2109375
1 0.44453125 0.57890625 0.1109375 0.2390625
1 0.08671875 0.709375 0.1109375 0.2484375
1 0.08515625 0.928125 0.1078125 0.14375
1 0.20546875 0.63125 0.10625 0.1140625
1 0.32578125 0.7578125 0.109375 0.325
3 0.8 0.29921875 0.3328125 0.084375
4 0.80625 0.3625 0.3453125 0.0375
5 0.865625 0.55234375 0.2203125 0.3296875
1 0.68671875 0.70390625 0.1078125 0.5921875
1 0.80625 0.86640625 0.1109375 0.2671875
1 0.92421875 0.865625 0.1109375 0.26875
0 0.80625 0.62578125 0.353125 0.7484375
0 0.32421875 0.6171875 0.6 0.765625