6 0.0734375 0.06640625 0.090625 0.0109375
2 0.28515625 0.065625 0.1234375 0.009375
5 0.09140625 0.14453125 0.125 0.09375
5 0.48125 0.296875 0.13125 0.1
3 0.090625 0.24921875 0.1265625 0.0859375
1 0.0921875 0.47109375 0.1265625 0.2734375
1 0.11796875 0.6890625 0.075 0.159375
1 0.090625 0.88515625 0.1265625 0.2296875
4 0.053125 0.71875 0.05 0.08125
1 0.23125 0.87890625 0.109375 0.2421875
1 0.346875 0.94921875 0.109375 0.1015625
1 0.46484375 0.85703125 0.1109375 0.2859375
5 0.35 0.80546875 0.1109375 0.178125
4 0.33671875 0.70078125 0.321875 0.01875
3 0.3390625 0.63828125 0.3265625 0.0828125
1 0.23515625 0.4171875 0.1171875 0.271875
1 0.359375 0.49921875 0.1171875 0.1109375
1 0.48359375 0.4984375 0.1171875 0.1109375
4 0.34609375 0.384375 0.0609375 0.0703125
4 0.40625 0.384375 0.0453125 0.06875
4 0.48046875 0.36640625 0.0875 0.034375
4 0.48359375 0.40625 0.090625 0.034375
4 0.353125 0.31875 0.090625 0.0234375
4 0.3515625 0.26640625 0.084375 0.021875
4 0.41796875 0.23203125 0.4890625 0.021875
3 0.42109375 0.16796875 0.4890625 0.1015625
1 0.6078125 0.3890625 0.1171875 0.2828125
6 0.71796875 0.053125 0.403125 0.0375
3 0.828125 0.1546875 0.2828125 0.078125
4 0.8296875 0.2125 0.284375 0.021875
1 0.75703125 0.41171875 0.14375 0.30625
1 0.90390625 0.39609375 0.1421875 0.3390625
5 0.82890625 0.790625 0.2859375 0.41875
1 0.60390625 0.85703125 0.1265625 0.2859375
3 0.59609375 0.6203125 0.1140625 0.09375
0 0.09140625 0.54453125 0.1359375 0.9109375
0 0.42109375 0.32421875 0.496875 0.4640625
0 0.34765625 0.78515625 0.3515625 0.4296875
0 0.60546875 0.78359375 0.1390625 0.4328125
0 0.8296875 0.3296875 0.2984375 0.478125