6 0.25703125 0.0265625 0.3625 0.0203125
3 0.2328125 0.07265625 0.4109375 0.0484375
4 0.06640625 0.14296875 0.0546875 0.053125
4 0.2015625 0.1546875 0.0515625 0.03125
4 0.128125 0.12578125 0.05625 0.01875
5 0.1359375 0.15546875 0.0734375 0.0390625
5 0.2671875 0.1546875 0.075 0.0390625
4 0.2484375 0.12578125 0.0578125 0.01875
4 0.19140625 0.28515625 0.05 0.04375
1 0.09453125 0.29140625 0.13125 0.1953125
1 0.37265625 0.27890625 0.115625 0.2125
1 0.2328125 0.2171875 0.1328125 0.0671875
1 0.26171875 0.28203125 0.075 0.0609375
1 0.23359375 0.3515625 0.1328125 0.078125
3 0.37265625 0.14140625 0.1171875 0.05
3 0.34453125 0.4125 0.134375 0.034375
1 0.353125 0.5390625 0.15 0.209375
3 0.35 0.66796875 0.1421875 0.0328125
1 0.35234375 0.83203125 0.15 0.2859375
5 0.14375 0.8796875 0.23125 0.203125
5 0.14375 0.7 0.228125 0.146875
5 0.14296875 0.5078125 0.225 0.2171875
1 0.51015625 0.86484375 0.1234375 0.2234375
1 0.653125 0.89765625 0.1234375 0.1578125
1 0.78203125 0.91015625 0.125 0.134375
1 0.9125 0.909375 0.1234375 0.1328125
5 0.8453125 0.79609375 0.246875 0.0859375
4 0.6484375 0.7796875 0.115625 0.0421875
3 0.5078125 0.71796875 0.121875 0.03125
3 0.78125 0.725 0.3796875 0.046875
1 0.6375 0.65234375 0.1234375 0.078125
1 0.76796875 0.61328125 0.1234375 0.1578125
1 0.9109375 0.60546875 0.1234375 0.16875
1 0.509375 0.575 0.125 0.234375
1 0.6390625 0.5578125 0.1265625 0.04375
5 0.703125 0.48046875 0.246875 0.0859375
5 0.9109375 0.4640625 0.11875 0.075
3 0.9109375 0.3984375 0.1234375 0.0484375
3 0.63671875 0.396875 0.3796875 0.0484375
4 0.63828125 0.42890625 0.3796875 0.0109375
3 0.7078125 0.0671875 0.4984375 0.01875
6 0.57578125 0.03359375 0.090625 0.0046875
2 0.78984375 0.03359375 0.1234375 0.00625
1 0.70703125 0.0921875 0.496875 0.028125
1 0.5390625 0.1453125 0.1609375 0.03125
1 0.509375 0.2078125 0.1015625 0.071875
1 0.784375 0.24609375 0.1015625 0.078125
1 0.89921875 0.2265625 0.1125 0.096875
1 0.9 0.14296875 0.1140625 0.04375
1 0.7546875 0.159375 0.146875 0.0859375
4 0.54375 0.11484375 0.16875 0.0109375
4 0.7203125 0.11171875 0.0796875 0.00625
4 0.884375 0.1140625 0.0828125 0.0125
4 0.87890625 0.1734375 0.075 0.00625
5 0.65390625 0.2 0.05 0.1890625
5 0.50625 0.2703125 0.115625 0.0484375
5 0.7078125 0.22109375 0.046875 0.034375
5 0.9046875 0.32265625 0.13125 0.0921875
1 0.74609375 0.3328125 0.146875 0.059375
1 0.5703125 0.32265625 0.184375 0.0375
1 0.559375 0.35625 0.1625 0.0140625
4 0.51953125 0.34609375 0.0796875 0.00625
4 0.5046875 0.29921875 0.05 0.00625
0 0.23203125 0.21875 0.41875 0.346875
0 0.353125 0.5203125 0.1609375 0.253125
0 0.35234375 0.81328125 0.1578125 0.3296875
0 0.51015625 0.83984375 0.1328125 0.28125
0 0.7828125 0.8375 0.3921875 0.2796875
0 0.9109375 0.53125 0.13125 0.321875
0 0.6375 0.53203125 0.3890625 0.3234375
0 0.71328125 0.21328125 0.5265625 0.315625
0 0.37109375 0.2453125 0.1234375 0.2890625