6 0.496875 0.06953125 0.840625 0.0875
3 0.4328125 0.30859375 0.4734375 0.1015625
4 0.246875 0.4078125 0.103125 0.0734375
1 0.25546875 0.5515625 0.121875 0.1296875
1 0.3828125 0.55703125 0.1203125 0.1203125
1 0.51171875 0.54296875 0.1203125 0.0890625
4 0.365625 0.41328125 0.06875 0.04375
4 0.3625 0.4640625 0.0625 0.0421875
4 0.46171875 0.4125 0.09375 0.0125
4 0.45625 0.43359375 0.0828125 0.01875
4 0.49296875 0.4671875 0.0421875 0.034375
5 0.43359375 0.465625 0.065625 0.0484375
3 0.37578125 0.69921875 0.3640625 0.084375
5 0.378125 0.7765625 0.3625 0.0609375
4 0.34375 0.903125 0.05 0.0546875
1 0.25234375 0.91953125 0.1171875 0.1609375
1 0.50234375 0.896875 0.11875 0.16875
1 0.37734375 0.84140625 0.11875 0.0578125
1 0.4046875 0.90546875 0.0625 0.065625
1 0.37734375 0.9703125 0.1171875 0.059375
3 0.10625 0.8296875 0.1390625 0.04375
1 0.10390625 0.91171875 0.134375 0.115625
1 0.10546875 0.74140625 0.1546875 0.078125
1 0.1046875 0.6 0.15625 0.0796875
3 0.09609375 0.6859375 0.1375 0.0234375
3 0.096875 0.54609375 0.1359375 0.0265625
3 0.10546875 0.32578125 0.1421875 0.0359375
1 0.13203125 0.3765625 0.084375 0.0609375
4 0.1046875 0.434375 0.1375 0.04375
4 0.290625 0.1703125 0.2546875 0.046875
5 0.09453125 0.1671875 0.1328125 0.1046875
4 0.5734375 0.16953125 0.2265625 0.0484375
4 0.81953125 0.16875 0.15625 0.04375
2 0.8375 0.1203125 0.1234375 0.0109375
5 0.9359375 0.1671875 0.0703125 0.1046875
3 0.84609375 0.30546875 0.2484375 0.1078125
5 0.846875 0.44375 0.25 0.159375
4 0.7796875 0.5734375 0.1171875 0.0734375
1 0.78359375 0.75390625 0.121875 0.2171875
4 0.87578125 0.7109375 0.05 0.06875
1 0.9109375 0.59140625 0.121875 0.1265625
1 0.940625 0.70546875 0.0640625 0.096875
1 0.91171875 0.79765625 0.1234375 0.0890625
5 0.61015625 0.42734375 0.175 0.1265625
3 0.6375 0.51640625 0.1171875 0.0359375
3 0.6390625 0.6625 0.121875 0.0515625
3 0.64140625 0.85390625 0.1265625 0.053125
3 0.8421875 0.90703125 0.240625 0.01875
1 0.63515625 0.9359375 0.1125 0.1015625
1 0.8453125 0.9609375 0.246875 0.078125
1 0.63515625 0.75078125 0.1125 0.115625
1 0.6390625 0.57734375 0.11875 0.078125
0 0.44609375 0.4265625 0.5125 0.3875
0 0.37578125 0.815625 0.3703125 0.36875
0 0.63984375 0.721875 0.1328125 0.1828125
0 0.63984375 0.90859375 0.1390625 0.1734375
0 0.10859375 0.8875 0.1546875 0.171875
0 0.10546875 0.59140625 0.1625 0.1296875
0 0.10546875 0.73203125 0.1640625 0.128125
0 0.10546875 0.3515625 0.1578125 0.234375
0 0.8453125 0.93828125 0.25625 0.1234375
0 0.846875 0.54921875 0.2578125 0.63125