6 0.1484375 0.04921875 0.1390625 0.0125
6 0.31875 0.046875 0.1796875 0.0203125
3 0.128125 0.0890625 0.2015625 0.0421875
3 0.56484375 0.103125 0.540625 0.0359375
3 0.1484375 0.45859375 0.2421875 0.0359375
3 0.50859375 0.65 0.421875 0.0234375
3 0.7828125 0.6515625 0.1078125 0.025
3 0.15234375 0.78125 0.23125 0.040625
5 0.509375 0.91953125 0.13125 0.0859375
5 0.33515625 0.6875 0.078125 0.034375
5 0.06640625 0.59375 0.071875 0.0484375
5 0.75703125 0.5296875 0.159375 0.1375
5 0.53984375 0.55859375 0.2390625 0.084375
5 0.0640625 0.2703125 0.0703125 0.0484375
5 0.70078125 0.178125 0.265625 0.109375
5 0.35078125 0.14375 0.0796875 0.040625
4 0.5640625 0.07578125 0.54375 0.0109375
4 0.13359375 0.115625 0.2078125 0.009375
1 0.14765625 0.18203125 0.240625 0.11875
1 0.1859375 0.271875 0.1609375 0.059375
1 0.14765625 0.3625 0.240625 0.11875
1 0.35859375 0.290625 0.134375 0.2125
1 0.49921875 0.259375 0.13125 0.2734375
1 0.634375 0.33984375 0.1328125 0.190625
1 0.771875 0.33046875 0.13125 0.1734375
4 0.42421875 0.42265625 0.2625 0.0265625
1 0.14609375 0.5234375 0.240625 0.084375
1 0.1859375 0.59453125 0.1609375 0.0546875
1 0.14609375 0.66484375 0.240625 0.0859375
1 0.36171875 0.84765625 0.1359375 0.2515625
1 0.1546875 0.8859375 0.23125 0.1640625
4 0.17890625 0.74921875 0.184375 0.015625
1 0.50546875 0.7703125 0.1359375 0.2015625
1 0.65234375 0.81171875 0.1390625 0.2890625
1 0.78359375 0.8140625 0.109375 0.2703125
3 0.475 0.465625 0.1125 0.0109375
1 0.5390625 0.48828125 0.240625 0.0328125
4 0.34609375 0.521875 0.0703125 0.0515625
2 0.78828125 0.0515625 0.128125 0.00625
5 0.91640625 0.096875 0.1140625 0.0515625
3 0.91484375 0.15 0.1140625 0.0265625
3 0.91640625 0.47734375 0.1140625 0.021875
3 0.9171875 0.628125 0.1109375 0.0203125
3 0.9171875 0.82890625 0.1125 0.0203125
1 0.9171875 0.88984375 0.1109375 0.0953125
1 0.9171875 0.7734375 0.1140625 0.05
1 0.9453125 0.72265625 0.05625 0.0484375
1 0.915625 0.66875 0.1109375 0.05625
1 0.9171875 0.54453125 0.1125 0.1078125
1 0.91640625 0.30625 0.1125 0.2578125
0 0.14453125 0.246875 0.2578125 0.3609375
0 0.56484375 0.25234375 0.55625 0.3734375
0 0.91640625 0.25234375 0.1203125 0.3796875
0 0.1484375 0.5765625 0.253125 0.2734375
0 0.5609375 0.5359375 0.5515625 0.1984375
0 0.91640625 0.5265625 0.128125 0.1640625
0 0.14921875 0.84609375 0.2640625 0.2609375
0 0.5671875 0.80625 0.55625 0.34375
0 0.91328125 0.7140625 0.1296875 0.203125
0 0.915625 0.89609375 0.1265625 0.165625