4 0.1984375 0.0625 0.34375 0.03125
6 0.07578125 0.0875 0.0921875 0.009375
2 0.2890625 0.08671875 0.1234375 0.009375
3 0.290625 0.165625 0.51875 0.0953125
4 0.290625 0.225 0.5265625 0.0171875
5 0.29296875 0.30703125 0.2578125 0.1390625
1 0.09296875 0.37734375 0.13125 0.265625
1 0.22890625 0.44921875 0.1296875 0.125
1 0.36171875 0.4484375 0.125 0.121875
1 0.490625 0.36796875 0.121875 0.1703125
1 0.49140625 0.4875 0.1234375 0.0484375
4 0.4859375 0.2578125 0.1109375 0.0453125
4 0.08671875 0.66171875 0.115625 0.0578125
3 0.08515625 0.5765625 0.1140625 0.096875
3 0.35703125 0.559375 0.384375 0.0640625
3 0.359375 0.7875 0.3859375 0.0328125
5 0.35703125 0.8609375 0.121875 0.1109375
4 0.18984375 0.903125 0.053125 0.0875
5 0.35859375 0.64296875 0.121875 0.090625
1 0.08671875 0.8453125 0.1171875 0.309375
1 0.22578125 0.67578125 0.1265625 0.1609375
1 0.3578125 0.7234375 0.1265625 0.0671875
1 0.4890625 0.6765625 0.1265625 0.1609375
1 0.22734375 0.8234375 0.1265625 0.0359375
1 0.25859375 0.903125 0.0609375 0.1234375
1 0.2265625 0.9828125 0.1265625 0.034375
1 0.3578125 0.9625 0.125 0.075
1 0.4890625 0.90234375 0.125 0.1953125
5 0.771875 0.81875 0.125 0.1203125
1 0.63828125 0.8828125 0.1296875 0.234375
1 0.7734375 0.9484375 0.13125 0.103125
1 0.909375 0.87734375 0.13125 0.2453125
3 0.77421875 0.71171875 0.403125 0.08125
3 0.9 0.3984375 0.1078125 0.05
3 0.76796875 0.171875 0.3921875 0.0875
6 0.79765625 0.07734375 0.25625 0.0265625
4 0.765625 0.225 0.3875 0.015625
4 0.7328125 0.50625 0.05625 0.121875
1 0.634375 0.43984375 0.128125 0.390625
1 0.9015625 0.51796875 0.109375 0.1875
1 0.76796875 0.60546875 0.1265625 0.05625
1 0.79921875 0.50078125 0.065625 0.15
1 0.76875 0.396875 0.128125 0.0578125
4 0.75546875 0.29921875 0.084375 0.05625
5 0.8671875 0.3 0.13125 0.125
0 0.29140625 0.31640625 0.5328125 0.4140625
0 0.76875 0.38359375 0.4015625 0.521875
0 0.084375 0.76015625 0.115625 0.4796875
0 0.3578125 0.64609375 0.3890625 0.2546875
0 0.3578125 0.88203125 0.3921875 0.234375
0 0.7765625 0.834375 0.403125 0.33125