3 0.2296875 0.090625 0.403125 0.0578125
3 0.159375 0.3640625 0.2640625 0.0390625
3 0.37109375 0.35625 0.1171875 0.0421875
3 0.159375 0.65625 0.25625 0.065625
3 0.3703125 0.64921875 0.115625 0.0390625
3 0.3671875 0.82578125 0.1078125 0.0390625
5 0.2953125 0.18515625 0.2640625 0.1234375
5 0.6453125 0.171875 0.125 0.096875
5 0.40390625 0.5796875 0.05625 0.05
5 0.153125 0.57421875 0.05 0.0546875
5 0.228125 0.73671875 0.125 0.0859375
5 0.64375 0.81328125 0.1203125 0.0859375
4 0.22734375 0.80859375 0.1296875 0.0515625
4 0.5109375 0.790625 0.1234375 0.03125
4 0.0921875 0.72421875 0.1296875 0.0546875
4 0.36328125 0.40234375 0.103125 0.03125
4 0.09296875 0.15390625 0.1296875 0.0546875
1 0.09296875 0.26171875 0.13125 0.1234375
1 0.228125 0.2875 0.128125 0.0734375
1 0.3640625 0.2875 0.128125 0.0734375
1 0.09296875 0.4765625 0.13125 0.1390625
1 0.0765625 0.571875 0.096875 0.05
1 0.2375 0.571875 0.109375 0.05
1 0.22734375 0.46796875 0.128125 0.15625
1 0.3703125 0.49609375 0.115625 0.1125
1 0.34375 0.57734375 0.0625 0.05
1 0.37109375 0.74140625 0.115625 0.1078125
1 0.0921875 0.8671875 0.13125 0.196875
1 0.228125 0.9015625 0.128125 0.128125
1 0.3703125 0.91484375 0.1171875 0.1
6 0.57578125 0.03359375 0.090625 0.00625
2 0.7890625 0.03359375 0.1234375 0.0046875
6 0.15546875 0.0265625 0.165625 0.0171875
5 0.90859375 0.15625 0.1265625 0.0640625
5 0.90859375 0.9078125 0.1265625 0.1109375
3 0.71015625 0.07890625 0.5203125 0.0578125
3 0.90703125 0.23203125 0.1 0.0734375
3 0.65390625 0.3390625 0.3390625 0.021875
3 0.54296875 0.590625 0.11875 0.0125
3 0.7234375 0.590625 0.1171875 0.009375
3 0.909375 0.57890625 0.10625 0.040625
3 0.64140625 0.74609375 0.384375 0.040625
3 0.653125 0.49921875 0.340625 0.0109375
3 0.56484375 0.40390625 0.1609375 0.0109375
3 0.7234375 0.4046875 0.121875 0.0109375
1 0.5609375 0.44921875 0.153125 0.0734375
1 0.74375 0.44921875 0.1609375 0.0734375
1 0.65390625 0.5421875 0.3375 0.071875
1 0.56328125 0.65 0.1609375 0.1015625
1 0.74453125 0.65078125 0.1625 0.1015625
1 0.909375 0.68046875 0.1046875 0.034375
1 0.9359375 0.7390625 0.053125 0.0828125
1 0.909375 0.80390625 0.10625 0.04375
1 0.77421875 0.86796875 0.125 0.1953125
1 0.64140625 0.91875 0.121875 0.0953125
1 0.5109375 0.89765625 0.125 0.1359375
1 0.909375 0.36484375 0.1046875 0.071875
1 0.9359375 0.44296875 0.0546875 0.0828125
1 0.909375 0.51640625 0.103125 0.059375
1 0.65390625 0.3734375 0.3390625 0.040625
4 0.88125 0.75390625 0.0484375 0.0421875
4 0.90859375 0.62578125 0.1046875 0.03125
4 0.88046875 0.45625 0.0484375 0.0359375
4 0.90625 0.29296875 0.1 0.03125
4 0.775 0.16484375 0.125 0.084375
4 0.6953125 0.1140625 0.4921875 0.0109375
1 0.51171875 0.2171875 0.1265625 0.1453125
1 0.64453125 0.25703125 0.1265625 0.0671875
1 0.778125 0.25625 0.1265625 0.0671875
0 0.22734375 0.18671875 0.4109375 0.278125
0 0.1609375 0.46640625 0.275 0.26875
0 0.37109375 0.46875 0.125 0.2734375
0 0.16015625 0.78984375 0.271875 0.35625
0 0.36953125 0.8859375 0.128125 0.1640625
0 0.36953125 0.7125 0.1234375 0.16875
0 0.640625 0.83984375 0.396875 0.25625
0 0.91015625 0.69140625 0.115625 0.271875
0 0.5625 0.64296875 0.16875 0.121875
0 0.74375 0.64375 0.16875 0.121875
0 0.653125 0.53515625 0.346875 0.0890625
0 0.5640625 0.4421875 0.1671875 0.0921875
0 0.74296875 0.4421875 0.1734375 0.0921875
0 0.6546875 0.36015625 0.3515625 0.0703125
0 0.91015625 0.33515625 0.1328125 0.4265625
0 0.6421875 0.20703125 0.396875 0.171875