6 0.25625 0.05234375 0.365625 0.0328125
3 0.36171875 0.1484375 0.6625 0.0453125
6 0.57734375 0.0671875 0.090625 0.0140625
2 0.78984375 0.0671875 0.1234375 0.0125
4 0.0890625 0.22890625 0.121875 0.0828125
1 0.09140625 0.41640625 0.1265625 0.190625
1 0.22421875 0.34453125 0.1265625 0.334375
1 0.3578125 0.43359375 0.128125 0.15625
1 0.49140625 0.434375 0.128125 0.15625
1 0.08984375 0.828125 0.125 0.34375
1 0.2203125 0.89453125 0.1234375 0.2109375
1 0.3640625 0.82734375 0.128125 0.3453125
3 0.1546875 0.56640625 0.2515625 0.065625
3 0.3640625 0.575 0.1265625 0.084375
5 0.221875 0.6921875 0.121875 0.1609375
4 0.33515625 0.29140625 0.059375 0.0796875
4 0.51953125 0.2890625 0.0546875 0.0796875
4 0.51875 0.2140625 0.05 0.0484375
4 0.34375 0.228125 0.0671875 0.0359375
5 0.43515625 0.26640625 0.109375 0.15
1 0.62578125 0.34453125 0.128125 0.334375
1 0.50703125 0.821875 0.1171875 0.35625
1 0.63203125 0.884375 0.1203125 0.23125
4 0.628125 0.69453125 0.109375 0.125
3 0.55859375 0.56484375 0.2203125 0.065625
3 0.83984375 0.19140625 0.259375 0.1359375
4 0.771875 0.33046875 0.1234375 0.084375
5 0.90859375 0.39296875 0.1265625 0.2296875
1 0.7734375 0.7046875 0.13125 0.590625
1 0.90859375 0.76640625 0.128125 0.4671875
0 0.3578125 0.3265625 0.671875 0.415625
0 0.15546875 0.76796875 0.2578125 0.4640625
0 0.36484375 0.7703125 0.1390625 0.459375
0 0.565625 0.765625 0.25625 0.46875
0 0.84296875 0.5625 0.275 0.875