3 0.56171875 0.0640625 0.81875 0.0328125
4 0.55703125 0.08671875 0.809375 0.0078125
6 0.2484375 0.02734375 0.3515625 0.0203125
1 0.21875 0.178125 0.1296875 0.1375
1 0.35703125 0.16953125 0.13125 0.153125
1 0.49375 0.2171875 0.1328125 0.059375
1 0.63046875 0.215625 0.1328125 0.05625
1 0.76953125 0.19765625 0.1328125 0.096875
5 0.08671875 0.15859375 0.109375 0.05625
4 0.08515625 0.071875 0.10625 0.0359375
4 0.08671875 0.32265625 0.0984375 0.046875
5 0.08515625 0.24140625 0.0953125 0.059375
3 0.08671875 0.203125 0.103125 0.0109375
3 0.4203125 0.28671875 0.5296875 0.0625
3 0.0890625 0.3859375 0.0984375 0.0375
5 0.08671875 0.42734375 0.0984375 0.04375
1 0.08984375 0.53984375 0.1046875 0.1796875
4 0.08515625 0.66484375 0.1015625 0.0578125
5 0.08828125 0.765625 0.0984375 0.05
3 0.0859375 0.7203125 0.1078125 0.0359375
1 0.0875 0.88125 0.1015625 0.1796875
1 0.2171875 0.88203125 0.13125 0.08125
1 0.5 0.88125 0.13125 0.0828125
1 0.353125 0.86796875 0.1328125 0.0859375
1 0.6375 0.8734375 0.1328125 0.096875
5 0.37109375 0.9453125 0.1140625 0.0703125
5 0.67421875 0.94921875 0.075 0.0578125
4 0.23515625 0.95625 0.1625 0.0421875
4 0.5359375 0.959375 0.1984375 0.0421875
4 0.284375 0.8171875 0.2640625 0.009375
4 0.5671875 0.81875 0.2609375 0.0078125
3 0.5703125 0.7921875 0.271875 0.04375
3 0.28203125 0.78984375 0.25625 0.040625
3 0.428125 0.53984375 0.5421875 0.0484375
1 0.353125 0.58515625 0.390625 0.0390625
4 0.63203125 0.59921875 0.146875 0.065625
4 0.36171875 0.71875 0.0984375 0.0734375
5 0.63359375 0.70703125 0.140625 0.0921875
5 0.48671875 0.64453125 0.1296875 0.075
4 0.4875 0.7203125 0.1328125 0.071875
4 0.1953125 0.7015625 0.0671875 0.11875
4 0.26171875 0.653125 0.059375 0.0234375
5 0.27109375 0.71484375 0.0765625 0.09375
4 0.35546875 0.64296875 0.0953125 0.0578125
1 0.21875 0.4296875 0.1359375 0.159375
1 0.35859375 0.4734375 0.134375 0.0703125
4 0.49453125 0.475 0.128125 0.0671875
1 0.63515625 0.4109375 0.1296875 0.1625
4 0.42578125 0.3234375 0.55 0.0109375
4 0.33046875 0.37265625 0.0625 0.046875
4 0.34375 0.41875 0.0875 0.03125
4 0.44296875 0.421875 0.09375 0.0265625
4 0.52421875 0.390625 0.0625 0.0875
5 0.42734375 0.37890625 0.1203125 0.059375
6 0.5765625 0.0328125 0.0921875 0.00625
2 0.78828125 0.03359375 0.125 0.0046875
5 0.4765625 0.11640625 0.071875 0.0359375
5 0.56015625 0.11796875 0.08125 0.0390625
5 0.65 0.12265625 0.0796875 0.040625
5 0.72578125 0.12890625 0.04375 0.0390625
4 0.790625 0.128125 0.078125 0.0421875
1 0.90703125 0.1625 0.1328125 0.1359375
3 0.84296875 0.29375 0.2484375 0.078125
4 0.84296875 0.3453125 0.2484375 0.021875
3 0.84453125 0.7875 0.2484375 0.0359375
3 0.84609375 0.91953125 0.2484375 0.021875
1 0.78203125 0.95546875 0.125 0.046875
1 0.91171875 0.9546875 0.1234375 0.0484375
5 0.8734375 0.8625 0.04375 0.028125
4 0.9359375 0.86484375 0.0734375 0.0328125
4 0.909375 0.890625 0.1203125 0.0171875
1 0.78203125 0.86171875 0.1234375 0.0765625
1 0.9109375 0.82109375 0.1234375 0.025
1 0.91015625 0.6640625 0.125 0.190625
1 0.78203125 0.5234375 0.1265625 0.3046875
4 0.78046875 0.72265625 0.1234375 0.078125
4 0.90859375 0.4 0.1046875 0.0734375
4 0.9265625 0.51171875 0.0765625 0.0984375
4 0.925 0.45 0.0703125 0.0203125
0 0.56328125 0.1453125 0.83125 0.2015625
0 0.0875 0.49375 0.1125 0.275
0 0.08359375 0.83671875 0.1140625 0.2734375
0 0.42890625 0.6390625 0.553125 0.2515625
0 0.2875 0.8734375 0.275 0.2140625
0 0.57109375 0.87265625 0.28125 0.2125
0 0.84609375 0.87265625 0.259375 0.2109375
0 0.84609375 0.50703125 0.2609375 0.5078125
0 0.425 0.38046875 0.553125 0.25625