5 0.22734375 0.88046875 0.1265625 0.071875
1 0.3640625 0.909375 0.128125 0.134375
1 0.22578125 0.94765625 0.128125 0.05625
1 0.0921875 0.91796875 0.1296875 0.11875
3 0.22578125 0.81953125 0.4 0.0390625
3 0.08984375 0.65703125 0.125 0.03125
1 0.08984375 0.73125 0.1265625 0.1125
1 0.22890625 0.7109375 0.1296875 0.1515625
1 0.36328125 0.75625 0.1296875 0.0625
1 0.39296875 0.696875 0.0703125 0.0546875
1 0.36484375 0.64453125 0.1296875 0.05
4 0.32109375 0.70078125 0.04375 0.0390625
3 0.29609375 0.596875 0.265625 0.0328125
3 0.07734375 0.484375 0.0984375 0.03125
5 0.29375 0.559375 0.271875 0.0359375
1 0.090625 0.56171875 0.128125 0.1203125
1 0.22734375 0.440625 0.128125 0.1921875
1 0.36328125 0.409375 0.128125 0.2625
4 0.228125 0.30546875 0.1296875 0.0421875
3 0.29375 0.24296875 0.2578125 0.0625
5 0.0921875 0.4234375 0.1234375 0.0609375
5 0.08828125 0.3578125 0.1078125 0.0484375
5 0.0921875 0.28203125 0.1234375 0.075
5 0.09140625 0.2109375 0.109375 0.05
5 0.09140625 0.125 0.10625 0.08125
6 0.209375 0.028125 0.26875 0.01875
1 0.22890625 0.15546875 0.1328125 0.0921875
1 0.365625 0.18359375 0.1296875 0.034375
4 0.375 0.11796875 0.128125 0.0453125
5 0.46875 0.125 0.05625 0.0703125
5 0.63046875 0.1046875 0.121875 0.0296875
4 0.6625 0.1375 0.05625 0.0328125
4 0.52421875 0.11484375 0.046875 0.0390625
1 0.50078125 0.18359375 0.13125 0.0359375
1 0.63671875 0.184375 0.13125 0.034375
1 0.77265625 0.14453125 0.1296875 0.1125
1 0.909375 0.1453125 0.13125 0.1125
3 0.634375 0.23359375 0.371875 0.0390625
1 0.63359375 0.284375 0.3734375 0.0578125
1 0.91015625 0.32578125 0.125 0.0859375
1 0.88359375 0.41015625 0.0734375 0.0828125
1 0.91015625 0.5078125 0.1265625 0.1125
4 0.95 0.42578125 0.0484375 0.0484375
3 0.71171875 0.5859375 0.5265625 0.0234375
1 0.51171875 0.66875 0.128125 0.1015625
1 0.64453125 0.6609375 0.1265625 0.1171875
1 0.77578125 0.703125 0.125 0.034375
1 0.91015625 0.6609375 0.1265625 0.11875
5 0.73671875 0.6359375 0.04375 0.0390625
4 0.8 0.6359375 0.075 0.040625
4 0.77578125 0.66953125 0.1234375 0.0234375
4 0.5390625 0.871875 0.0484375 0.040625
4 0.87421875 0.8859375 0.059375 0.0234375
4 0.7671875 0.80546875 0.1015625 0.0484375
5 0.7671875 0.846875 0.11875 0.03125
3 0.90078125 0.7484375 0.1125 0.0359375
3 0.70078125 0.75859375 0.2453125 0.03125
3 0.49765625 0.7484375 0.1046875 0.034375
1 0.64140625 0.88515625 0.121875 0.184375
1 0.76796875 0.92109375 0.121875 0.1125
1 0.90390625 0.9390625 0.1171875 0.078125
1 0.9375 0.8734375 0.05 0.0484375
1 0.90390625 0.8203125 0.115625 0.05625
1 0.50625 0.8140625 0.1171875 0.04375
1 0.47734375 0.86796875 0.059375 0.0609375
1 0.50546875 0.93828125 0.1171875 0.0765625
5 0.5 0.4390625 0.0828125 0.184375
4 0.54296875 0.33359375 0.18125 0.0171875
4 0.71328125 0.33359375 0.1296875 0.0171875
4 0.5921875 0.5046875 0.0859375 0.034375
4 0.56875 0.546875 0.0984375 0.021875
4 0.66328125 0.546875 0.0734375 0.0234375
4 0.76328125 0.54765625 0.1140625 0.0234375
4 0.77265625 0.4890625 0.09375 0.065625
4 0.6796875 0.48984375 0.0640625 0.0671875
4 0.76796875 0.43671875 0.1 0.01875
4 0.76875 0.41953125 0.0984375 0.0125
4 0.76875 0.40390625 0.0984375 0.0171875
4 0.76875 0.384375 0.1015625 0.0171875
4 0.765625 0.36484375 0.0921875 0.0171875
1 0.67578125 0.3734375 0.075 0.034375
1 0.58828125 0.37421875 0.0765625 0.034375
1 0.6 0.42421875 0.1 0.04375
3 0.56484375 0.06171875 0.809375 0.028125
3 0.909375 0.2359375 0.1296875 0.0515625
4 0.5640625 0.0828125 0.8015625 0.009375
6 0.57578125 0.0328125 0.090625 0.00625
2 0.790625 0.03359375 0.121875 0.0078125
0 0.5671875 0.1234375 0.821875 0.1578125
0 0.29609375 0.39375 0.2734375 0.36875
0 0.2953125 0.68515625 0.271875 0.2109375
0 0.225 0.88828125 0.40625 0.184375
0 0.5046875 0.8546875 0.128125 0.25
0 0.703125 0.853125 0.2546875 0.2515625
0 0.903125 0.85390625 0.125 0.2515625
0 0.08984375 0.7140625 0.13125 0.1515625
0 0.08984375 0.5453125 0.1328125 0.1609375
0 0.63671875 0.38984375 0.384375 0.35625
0 0.90859375 0.3875 0.1328125 0.359375
0 0.71171875 0.64765625 0.5359375 0.153125