6 0.49921875 0.0890625 0.159375 0.0265625
6 0.49921875 0.1359375 0.178125 0.05
2 0.071875 0.0921875 0.1 0.0265625
3 0.25625 0.2671875 0.46875 0.125
3 0.79921875 0.24609375 0.346875 0.0828125
3 0.19765625 0.74375 0.3484375 0.0640625
3 0.50078125 0.74375 0.2328125 0.0640625
3 0.9203125 0.6625 0.1109375 0.059375
3 0.55859375 0.3328125 0.1109375 0.059375
4 0.70625 0.64453125 0.1625 0.0234375
4 0.1984375 0.82890625 0.109375 0.09375
1 0.0765625 0.525 0.1125 0.3234375
1 0.20078125 0.57890625 0.1125 0.2125
1 0.3203125 0.5109375 0.1125 0.3546875
1 0.44140625 0.509375 0.1109375 0.3515625
1 0.559375 0.52578125 0.1140625 0.3203125
1 0.68125 0.46953125 0.1140625 0.2828125
1 0.80078125 0.5015625 0.1109375 0.2125
1 0.92109375 0.45234375 0.115625 0.3140625
1 0.92109375 0.8390625 0.1125 0.2859375
1 0.5609375 0.88046875 0.1140625 0.2
1 0.4390625 0.88203125 0.1140625 0.203125
1 0.31953125 0.88203125 0.1140625 0.2
1 0.2 0.93515625 0.1125 0.0953125
1 0.07734375 0.89765625 0.115625 0.1734375
5 0.74140625 0.80390625 0.2296875 0.278125
5 0.2 0.38671875 0.1109375 0.103125
5 0.55859375 0.24453125 0.1078125 0.0734375
5 0.80078125 0.3375 0.1078125 0.075
0 0.3171875 0.846875 0.6078125 0.2859375
0 0.921875 0.8078125 0.1203125 0.359375
0 0.8015625 0.40625 0.3625 0.4203125
0 0.559375 0.44609375 0.1171875 0.4875
0 0.2578125 0.4453125 0.48125 0.49375