3 0.31796875 0.4125 0.35 0.203125
3 0.078125 0.3484375 0.1125 0.078125
3 0.0796875 0.5859375 0.1125 0.059375
3 0.07890625 0.83203125 0.1125 0.0609375
3 0.7390625 0.7578125 0.4625 0.09375
3 0.79921875 0.35625 0.34375 0.0953125
3 0.55859375 0.353125 0.1125 0.0859375
1 0.07890625 0.4609375 0.115625 0.1390625
1 0.07890625 0.69609375 0.115625 0.1578125
1 0.07890625 0.93203125 0.1140625 0.1359375
1 0.19921875 0.77421875 0.1125 0.4515625
1 0.31953125 0.9015625 0.1125 0.196875
1 0.4390625 0.9015625 0.1109375 0.196875
1 0.56171875 0.903125 0.1140625 0.19375
1 0.68203125 0.903125 0.109375 0.19375
5 0.86015625 0.89609375 0.228125 0.171875
5 0.8625 0.51171875 0.2296875 0.184375
1 0.80078125 0.66171875 0.115625 0.0515625
1 0.921875 0.6640625 0.1140625 0.05
1 0.68125 0.56796875 0.1125 0.2421875
1 0.5609375 0.5453125 0.11875 0.2828125
5 0.4625 0.6265625 0.0609375 0.153125
5 0.3375 0.7171875 0.125 0.1484375
4 0.44765625 0.7484375 0.0875 0.0734375
1 0.34765625 0.59375 0.159375 0.09375
3 0.37890625 0.5359375 0.2203125 0.0203125
6 0.54375 0.1828125 0.753125 0.11875
2 0.884375 0.096875 0.1890625 0.021875
0 0.0765625 0.41875 0.1203125 0.234375
0 0.31875 0.65078125 0.35625 0.6984375
0 0.07734375 0.665625 0.11875 0.23125
0 0.07734375 0.8984375 0.1203125 0.203125
0 0.56015625 0.496875 0.1171875 0.3859375
0 0.80234375 0.49765625 0.359375 0.3890625
0 0.740625 0.853125 0.4765625 0.29375