6 0.44140625 0.08984375 0.1578125 0.0296875
6 0.5875 0.08671875 0.09375 0.0390625
2 0.071875 0.09296875 0.1 0.0265625
3 0.31875 0.196875 0.5953125 0.1109375
1 0.07890625 0.64375 0.1140625 0.7125
1 0.2 0.89765625 0.1125 0.2046875
1 0.31953125 0.89921875 0.1125 0.2015625
1 0.43984375 0.89765625 0.1140625 0.2046875
1 0.559375 0.78828125 0.1125 0.4234375
5 0.56015625 0.39453125 0.10625 0.271875
5 0.68828125 0.5828125 0.1015625 0.1203125
5 0.4203125 0.43671875 0.146875 0.359375
4 0.22265625 0.51640625 0.134375 0.1515625
4 0.259375 0.740625 0.1875 0.0671875
4 0.2484375 0.2890625 0.1921875 0.0265625
3 0.80078125 0.1796875 0.3515625 0.0796875
3 0.684375 0.68125 0.096875 0.0296875
3 0.7921875 0.6125 0.0859375 0.03125
3 0.90234375 0.61328125 0.0859375 0.0328125
3 0.91328125 0.73671875 0.103125 0.03125
3 0.79921875 0.815625 0.1015625 0.03125
3 0.68671875 0.88046875 0.1046875 0.03125
5 0.94453125 0.93515625 0.0625 0.1296875
1 0.68828125 0.7765625 0.10625 0.1609375
1 0.68671875 0.94375 0.103125 0.0890625
1 0.8 0.91171875 0.1046875 0.1578125
1 0.80078125 0.7109375 0.10625 0.1578125
1 0.9125 0.671875 0.1015625 0.0796875
1 0.9125 0.81171875 0.103125 0.1125
1 0.8875 0.92734375 0.0515625 0.1203125
1 0.80078125 0.55625 0.1015625 0.071875
1 0.90859375 0.55546875 0.0984375 0.0703125
1 0.92265625 0.35703125 0.1171875 0.24375
1 0.80078125 0.42578125 0.1140625 0.1015625
1 0.67890625 0.3734375 0.1140625 0.2140625
5 0.8 0.29296875 0.109375 0.1234375
0 0.3171875 0.56796875 0.603125 0.8640625
0 0.8015625 0.31328125 0.3640625 0.35625
0 0.91796875 0.85703125 0.1171875 0.2765625
0 0.8 0.8953125 0.109375 0.196875
0 0.68671875 0.928125 0.1078125 0.1296875
0 0.8 0.69375 0.109375 0.1984375
0 0.9125 0.6546875 0.1109375 0.1203125
0 0.6890625 0.6890625 0.109375 0.340625