6 0.44375 0.0921875 0.15625 0.028125
6 0.584375 0.0890625 0.0984375 0.0375
2 0.93046875 0.09375 0.0953125 0.0265625
3 0.315625 0.17109375 0.590625 0.0546875
1 0.07890625 0.42265625 0.1125 0.3765625
1 0.19921875 0.57109375 0.1125 0.0765625
1 0.3203125 0.5703125 0.1109375 0.078125
1 0.43984375 0.40546875 0.1125 0.409375
1 0.56015625 0.40546875 0.1125 0.4109375
1 0.20546875 0.28203125 0.0984375 0.078125
1 0.31484375 0.29375 0.09375 0.0984375
4 0.259375 0.2234375 0.215625 0.0234375
1 0.20625 0.33984375 0.0984375 0.0328125
1 0.20625 0.39609375 0.096875 0.078125
1 0.20390625 0.47109375 0.090625 0.0671875
1 0.31484375 0.425 0.0953125 0.15625
5 0.19921875 0.7265625 0.1015625 0.13125
3 0.08125 0.67109375 0.0921875 0.0296875
3 0.19921875 0.83125 0.103125 0.0296875
3 0.3109375 0.8 0.103125 0.03125
4 0.31171875 0.71796875 0.109375 0.1125
1 0.0859375 0.83046875 0.103125 0.2875
1 0.1984375 0.9125 0.103125 0.125
1 0.3125 0.89609375 0.1046875 0.1546875
1 0.440625 0.8625 0.1125 0.246875
3 0.49921875 0.6671875 0.2296875 0.059375
1 0.56015625 0.846875 0.1125 0.278125
1 0.6796875 0.79609375 0.1125 0.378125
1 0.80078125 0.89453125 0.1109375 0.18125
1 0.921875 0.896875 0.1109375 0.1765625
5 0.8609375 0.67734375 0.228125 0.2078125
5 0.79921875 0.2921875 0.34375 0.3484375
3 0.79921875 0.5328125 0.3515625 0.075
0 0.3171875 0.37578125 0.603125 0.478125
0 0.08515625 0.81640625 0.1125 0.33125
0 0.1984375 0.8171875 0.109375 0.3234375
0 0.31171875 0.87890625 0.1109375 0.196875
0 0.5 0.81171875 0.2390625 0.359375
0 0.8015625 0.740625 0.3609375 0.503125