6 0.50078125 0.046875 0.1609375 0.0140625
6 0.4625 0.07265625 0.1625 0.0234375
2 0.07109375 0.0484375 0.0953125 0.015625
3 0.3140625 0.14375 0.5859375 0.06875
3 0.7984375 0.1484375 0.34375 0.0796875
3 0.61484375 0.43828125 0.7078125 0.021875
3 0.128125 0.4421875 0.2171875 0.0328125
3 0.43828125 0.56796875 0.3546875 0.0375
3 0.30703125 0.7375 0.5640625 0.0203125
5 0.26015625 0.7921875 0.228125 0.0734375
5 0.70078125 0.81171875 0.1 0.0609375
5 0.6984375 0.878125 0.1015625 0.0609375
5 0.86875 0.8375 0.165625 0.1046875
5 0.7140625 0.9578125 0.159375 0.0484375
5 0.88515625 0.95 0.178125 0.0640625
5 0.8609375 0.62109375 0.1703125 0.1109375
5 0.2 0.5046875 0.1078125 0.0796875
5 0.259375 0.2375 0.228125 0.1125
5 0.80078125 0.2421875 0.1109375 0.0953125
4 0.07890625 0.19921875 0.115625 0.0390625
1 0.6984375 0.61953125 0.128125 0.103125
1 0.6984375 0.71875 0.128125 0.090625
1 0.8234375 0.73046875 0.0859375 0.06875
1 0.91484375 0.7296875 0.0828125 0.06875
1 0.07890625 0.596875 0.1171875 0.234375
1 0.2 0.6390625 0.115625 0.153125
1 0.31953125 0.6609375 0.1140625 0.10625
1 0.43828125 0.65234375 0.1125 0.125
1 0.56015625 0.653125 0.1140625 0.1234375
1 0.07890625 0.87890625 0.1140625 0.2171875
1 0.19921875 0.915625 0.1125 0.1421875
1 0.3203125 0.91640625 0.1140625 0.140625
1 0.43984375 0.86953125 0.115625 0.234375
1 0.559375 0.8703125 0.1140625 0.234375
1 0.31953125 0.503125 0.1125 0.065625
1 0.43984375 0.49375 0.1125 0.0828125
1 0.5609375 0.49375 0.1125 0.0828125
1 0.68046875 0.49375 0.1140625 0.0859375
1 0.8015625 0.49375 0.1140625 0.0828125
1 0.9203125 0.49375 0.1140625 0.0828125
1 0.921875 0.30234375 0.1140625 0.2234375
1 0.80078125 0.36015625 0.1140625 0.1078125
1 0.68125 0.31171875 0.1109375 0.20625
1 0.559375 0.296875 0.1109375 0.2328125
1 0.43984375 0.296875 0.115625 0.234375
1 0.31953125 0.36328125 0.115625 0.1015625
1 0.19921875 0.3640625 0.1140625 0.1015625
1 0.07890625 0.328125 0.115625 0.171875
0 0.3171875 0.26015625 0.603125 0.315625
0 0.80234375 0.2609375 0.3609375 0.3140625
0 0.1359375 0.57109375 0.246875 0.2953125
0 0.31953125 0.85703125 0.6046875 0.265625
0 0.6203125 0.48046875 0.721875 0.1125
0 0.43984375 0.63203125 0.3609375 0.171875