1 0.07890625 0.6203125 0.1140625 0.396875
1 0.1984375 0.66328125 0.115625 0.315625
1 0.5578125 0.8953125 0.1140625 0.1828125
1 0.68046875 0.8953125 0.1140625 0.1828125
1 0.80078125 0.840625 0.115625 0.29375
1 0.92109375 0.84140625 0.115625 0.290625
1 0.10859375 0.26796875 0.1734375 0.10625
1 0.290625 0.2734375 0.1765625 0.0953125
1 0.7109375 0.27265625 0.175 0.0953125
1 0.89296875 0.26875 0.1765625 0.1046875
1 0.50625 0.15703125 0.1140625 0.0359375
1 0.5265625 0.178125 0.15625 0.00625
1 0.49453125 0.1875 0.2234375 0.0125
1 0.503125 0.22734375 0.10625 0.034375
1 0.528125 0.24765625 0.1578125 0.00625
1 0.4671875 0.25390625 0.1640625 0.00625
1 0.50234375 0.29140625 0.109375 0.034375
1 0.53203125 0.31171875 0.16875 0.00625
1 0.46875 0.31796875 0.1703125 0.00625
1 0.31953125 0.8484375 0.1140625 0.275
1 0.4390625 0.83984375 0.1140625 0.2921875
4 0.12890625 0.9078125 0.1890625 0.0890625
3 0.61640625 0.68125 0.7109375 0.0234375
5 0.621875 0.74453125 0.2265625 0.0953125
4 0.196875 0.45 0.109375 0.0890625
3 0.12890625 0.36796875 0.215625 0.071875
6 0.503125 0.0734375 0.2765625 0.0265625
6 0.50078125 0.046875 0.1609375 0.01875
2 0.928125 0.0484375 0.10625 0.0140625
5 0.28984375 0.18671875 0.171875 0.075
5 0.10859375 0.18125 0.171875 0.0609375
5 0.71015625 0.1875 0.1703125 0.075
5 0.89296875 0.1796875 0.1671875 0.0625
3 0.88671875 0.13203125 0.1671875 0.025
3 0.70390625 0.13125 0.159375 0.0265625
3 0.10625 0.13125 0.1671875 0.0296875
3 0.28515625 0.13125 0.1703125 0.028125
5 0.415625 0.1609375 0.0625 0.0375
5 0.41640625 0.23125 0.0578125 0.0359375
5 0.41484375 0.29375 0.059375 0.0375
5 0.58984375 0.29140625 0.046875 0.03125
5 0.58984375 0.228125 0.0453125 0.03125
5 0.58984375 0.1578125 0.046875 0.028125
3 0.68125 0.3625 0.5375 0.0203125
1 0.6859375 0.38515625 0.5640625 0.021875
5 0.39765625 0.4515625 0.25625 0.0984375
4 0.3875 0.56484375 0.2453125 0.0734375
1 0.59140625 0.56484375 0.15625 0.071875
1 0.565625 0.62265625 0.359375 0.0359375
4 0.325 0.62265625 0.11875 0.034375
4 0.6875 0.44140625 0.3046875 0.028125
4 0.60078125 0.490625 0.1359375 0.0671875
5 0.75078125 0.528125 0.1609375 0.1453125
5 0.90859375 0.52890625 0.134375 0.2296875
0 0.10703125 0.21484375 0.178125 0.215625
0 0.2890625 0.215625 0.18125 0.2140625
0 0.5 0.1640625 0.2375 0.0640625
0 0.50078125 0.23125 0.2359375 0.0578125
0 0.5 0.29453125 0.2359375 0.05625
0 0.1359375 0.57578125 0.240625 0.4921875
0 0.709375 0.215625 0.1796875 0.2140625
0 0.89453125 0.21640625 0.184375 0.2140625
0 0.621875 0.8234375 0.725 0.334375
0 0.6203125 0.4953125 0.7140625 0.2984375