6 0.45 0.08984375 0.1578125 0.0296875
6 0.5875 0.08828125 0.0875 0.0359375
2 0.92734375 0.09140625 0.0953125 0.0265625
3 0.73984375 0.20390625 0.478125 0.0875
3 0.20546875 0.6578125 0.3375 0.0390625
3 0.61796875 0.88046875 0.2078125 0.0203125
3 0.85 0.88046875 0.2109375 0.015625
1 0.16796875 0.83984375 0.178125 0.24375
1 0.34921875 0.8234375 0.1734375 0.2765625
4 0.4625 0.90546875 0.034375 0.096875
1 0.625 0.92734375 0.2203125 0.071875
1 0.85546875 0.9265625 0.221875 0.0703125
1 0.92109375 0.54765625 0.115625 0.5703125
1 0.8015625 0.546875 0.1171875 0.571875
1 0.68046875 0.61796875 0.1140625 0.4296875
1 0.55859375 0.56953125 0.1109375 0.528125
4 0.6796875 0.32421875 0.1109375 0.1359375
5 0.26015625 0.43515625 0.4484375 0.3890625
5 0.39296875 0.19296875 0.0484375 0.05625
5 0.46484375 0.79140625 0.0390625 0.04375
0 0.740625 0.4859375 0.4859375 0.7
0 0.62421875 0.91484375 0.2296875 0.1078125
0 0.85703125 0.9140625 0.23125 0.10625
0 0.25703125 0.5609375 0.46875 0.809375