6 0.50546875 0.07890625 0.159375 0.025
2 0.06875 0.08046875 0.0984375 0.021875
3 0.33671875 0.24921875 0.628125 0.1359375
3 0.8125 0.27109375 0.284375 0.1421875
4 0.13828125 0.36171875 0.2328125 0.0796875
5 0.078125 0.7515625 0.1109375 0.1734375
5 0.50078125 0.49765625 0.2984375 0.284375
5 0.909375 0.4875 0.15 0.278125
1 0.5046875 0.84375 0.15625 0.3125
1 0.74765625 0.68828125 0.1515625 0.6234375
1 0.90859375 0.83828125 0.1546875 0.3234375
1 0.34140625 0.978125 0.15625 0.04375
1 0.18125 0.5421875 0.1546875 0.215625
1 0.19921875 0.7515625 0.11875 0.2
1 0.18046875 0.9265625 0.15625 0.146875
4 0.3421875 0.88984375 0.13125 0.0953125
1 0.34296875 0.78046875 0.1328125 0.1171875
4 0.33125 0.7078125 0.1078125 0.0234375
4 0.61953125 0.77578125 0.0546875 0.178125
6 0.134375 0.12265625 0.1140625 0.04375
0 0.828125 0.5890625 0.3234375 0.821875
0 0.3359375 0.58671875 0.640625 0.8265625