6 0.49921875 0.046875 0.159375 0.015625
6 0.4984375 0.071875 0.16875 0.0265625
2 0.93046875 0.0484375 0.1 0.0140625
3 0.31640625 0.14375 0.5875 0.071875
3 0.80078125 0.14296875 0.3484375 0.0484375
3 0.1359375 0.5296875 0.228125 0.034375
3 0.50078125 0.528125 0.23125 0.0328125
3 0.67890625 0.4984375 0.109375 0.04375
3 0.85703125 0.50546875 0.2296875 0.05625
3 0.19609375 0.78515625 0.353125 0.0375
3 0.6703125 0.78828125 0.578125 0.0203125
1 0.07734375 0.90390625 0.115625 0.1640625
1 0.2 0.9328125 0.1125 0.10625
1 0.31953125 0.89609375 0.1125 0.1796875
1 0.440625 0.9015625 0.1125 0.171875
1 0.56015625 0.89375 0.1140625 0.1875
1 0.6796875 0.921875 0.115625 0.13125
1 0.80078125 0.89375 0.1125 0.1875
1 0.92109375 0.89296875 0.1125 0.1859375
1 0.07890625 0.6609375 0.1125 0.190625
1 0.19921875 0.68125 0.1140625 0.1453125
1 0.32109375 0.6703125 0.1125 0.16875
1 0.43984375 0.6578125 0.1125 0.1921875
1 0.56015625 0.67890625 0.1125 0.153125
1 0.6796875 0.64609375 0.1125 0.215625
1 0.80078125 0.6546875 0.1125 0.1984375
1 0.92109375 0.6765625 0.115625 0.159375
1 0.9203125 0.4125 0.1140625 0.1078125
1 0.80078125 0.4125 0.115625 0.10625
1 0.68203125 0.32421875 0.1140625 0.28125
1 0.56015625 0.33515625 0.1125 0.3078125
1 0.44140625 0.3359375 0.1140625 0.309375
1 0.31953125 0.47109375 0.109375 0.0375
1 0.1984375 0.4703125 0.1125 0.0375
1 0.078125 0.34296875 0.1140625 0.2953125
4 0.19375 0.575 0.1015625 0.05
4 0.3171875 0.5703125 0.109375 0.03125
5 0.19921875 0.834375 0.109375 0.0546875
5 0.6796875 0.8234375 0.1078125 0.0421875
5 0.56015625 0.56796875 0.1078125 0.0421875
5 0.92265625 0.56171875 0.109375 0.0421875
5 0.31875 0.52265625 0.109375 0.0375
4 0.2765625 0.265625 0.16875 0.1078125
4 0.27578125 0.3890625 0.184375 0.1125
5 0.17265625 0.22109375 0.0296875 0.0203125
5 0.1734375 0.24296875 0.028125 0.01875
5 0.17265625 0.26484375 0.028125 0.01875
5 0.17265625 0.2875 0.028125 0.01875
5 0.1734375 0.309375 0.028125 0.01875
5 0.16796875 0.34453125 0.0296875 0.01875
5 0.16796875 0.36640625 0.028125 0.01875
5 0.16875 0.38828125 0.028125 0.01875
5 0.1671875 0.41015625 0.0296875 0.01875
5 0.16796875 0.4328125 0.0296875 0.0203125
5 0.8625 0.2171875 0.2171875 0.059375
4 0.921875 0.27265625 0.0953125 0.046875
0 0.3171875 0.2984375 0.603125 0.3875
0 0.1390625 0.62890625 0.2390625 0.2578125
0 0.3203125 0.62890625 0.1203125 0.2578125
0 0.4984375 0.62890625 0.2375 0.2546875
0 0.196875 0.8765625 0.3609375 0.2234375
0 0.68203125 0.87734375 0.6046875 0.2234375
0 0.6796875 0.615625 0.11875 0.2796875
0 0.8609375 0.615625 0.2390625 0.28125
0 0.80078125 0.28828125 0.35625 0.3609375