1 0.08046875 0.91015625 0.1171875 0.1796875
1 0.20078125 0.89140625 0.1171875 0.2171875
1 0.321875 0.91328125 0.115625 0.1734375
1 0.44296875 0.896875 0.1140625 0.20625
1 0.5640625 0.896875 0.115625 0.20625
1 0.9296875 0.853125 0.115625 0.29375
1 0.0796875 0.48828125 0.1140625 0.3953125
1 0.20078125 0.57890625 0.1140625 0.2171875
1 0.32265625 0.5796875 0.115625 0.21875
1 0.44375 0.47421875 0.1140625 0.4296875
1 0.565625 0.5125 0.1171875 0.3515625
1 0.68671875 0.421875 0.1140625 0.3515625
1 0.8078125 0.50625 0.1140625 0.184375
1 0.93046875 0.50625 0.1125 0.1828125
5 0.86953125 0.296875 0.228125 0.1625
5 0.565625 0.18515625 0.109375 0.08125
5 0.23515625 0.34765625 0.1765625 0.175
5 0.35078125 0.41015625 0.0515625 0.1
5 0.71171875 0.81875 0.1609375 0.3296875
4 0.83125 0.9109375 0.0671875 0.1390625
3 0.13984375 0.74609375 0.2359375 0.0640625
3 0.44375 0.7515625 0.353125 0.078125
4 0.71796875 0.63828125 0.1765625 0.025
3 0.93046875 0.6640625 0.115625 0.0796875
3 0.5640625 0.2921875 0.109375 0.078125
3 0.80625 0.17734375 0.353125 0.0734375
3 0.25703125 0.1953125 0.4671875 0.1125
6 0.42421875 0.09296875 0.1625 0.0328125
6 0.590625 0.0875 0.140625 0.04375
2 0.93828125 0.09375 0.0984375 0.028125
0 0.2609375 0.41328125 0.484375 0.5546875
0 0.13984375 0.85546875 0.240625 0.2890625
0 0.44296875 0.8546875 0.3609375 0.290625
0 0.56640625 0.4171875 0.1203125 0.5515625
0 0.809375 0.36875 0.3625 0.465625
0 0.9296875 0.809375 0.11875 0.38125