6 0.4171875 0.0921875 0.15625 0.028125
6 0.5859375 0.08984375 0.1546875 0.0421875
2 0.93046875 0.09453125 0.0953125 0.0296875
3 0.2578125 0.19453125 0.4765625 0.1171875
3 0.5609375 0.1796875 0.1125 0.0828125
3 0.80234375 0.190625 0.3484375 0.1015625
3 0.796875 0.7046875 0.346875 0.0859375
3 0.31953125 0.80390625 0.59375 0.046875
5 0.190625 0.390625 0.0875 0.2546875
5 0.33984375 0.328125 0.05625 0.0703125
5 0.86015625 0.34296875 0.2265625 0.19375
1 0.07734375 0.9296875 0.1109375 0.140625
1 0.19921875 0.91484375 0.1140625 0.1703125
1 0.31953125 0.91484375 0.1125 0.1703125
1 0.43984375 0.915625 0.115625 0.16875
1 0.56015625 0.915625 0.1125 0.16875
1 0.68046875 0.89296875 0.1140625 0.2140625
1 0.80234375 0.87578125 0.1125 0.2484375
1 0.921875 0.87734375 0.1140625 0.2453125
1 0.91875 0.55 0.1109375 0.171875
1 0.8015625 0.55078125 0.1140625 0.1703125
1 0.6796875 0.45703125 0.115625 0.3609375
1 0.56015625 0.50625 0.1125 0.509375
1 0.43984375 0.61796875 0.1125 0.28125
1 0.31953125 0.64453125 0.1140625 0.221875
1 0.1984375 0.64375 0.115625 0.2265625
1 0.078125 0.52734375 0.1140625 0.4609375
4 0.30390625 0.28515625 0.128125 0.021875
4 0.440625 0.365625 0.0953125 0.1875
1 0.2734375 0.3359375 0.0671875 0.0765625
1 0.3015625 0.45234375 0.1265625 0.13125
0 0.31640625 0.88671875 0.6015625 0.2265625
0 0.80234375 0.83046875 0.3640625 0.3390625
0 0.25625 0.44453125 0.484375 0.6359375
0 0.559375 0.44921875 0.1171875 0.63125
0 0.80078125 0.38828125 0.359375 0.50625