6 0.4984375 0.07890625 0.1546875 0.021875
6 0.140625 0.12734375 0.18125 0.03125
3 0.1390625 0.190625 0.23125 0.0484375
3 0.496875 0.15078125 0.39375 0.075
3 0.46015625 0.4640625 0.3234375 0.040625
3 0.1390625 0.66015625 0.23125 0.0390625
4 0.3625 0.23203125 0.128125 0.0828125
4 0.13828125 0.22578125 0.23125 0.01875
1 0.13828125 0.8171875 0.2375 0.271875
1 0.1390625 0.4328125 0.2359375 0.3859375
1 0.3625 0.3546875 0.13125 0.153125
1 0.77578125 0.34375 0.1328125 0.178125
1 0.50078125 0.2390625 0.1296875 0.0921875
1 0.4828125 0.31484375 0.1 0.05625
1 0.5 0.38671875 0.1296875 0.0875
1 0.6375 0.38671875 0.1296875 0.0859375
1 0.65234375 0.31484375 0.1015625 0.05625
1 0.6375 0.23828125 0.128125 0.09375
1 0.540625 0.8015625 0.1578125 0.2453125
1 0.3765625 0.81875 0.1546875 0.265625
1 0.36328125 0.646875 0.128125 0.075
1 0.55390625 0.64453125 0.128125 0.06875
1 0.375 0.5484375 0.15625 0.121875
1 0.540625 0.54921875 0.1546875 0.121875
5 0.45625 0.63125 0.040625 0.03125
5 0.81484375 0.7390625 0.0390625 0.0296875
5 0.56640625 0.30078125 0.046875 0.028125
1 0.73671875 0.86484375 0.1546875 0.175
1 0.9 0.84765625 0.15625 0.140625
1 0.91484375 0.7484375 0.1234375 0.0578125
1 0.72109375 0.7484375 0.125 0.0578125
1 0.73671875 0.6609375 0.15625 0.1171875
1 0.89921875 0.66015625 0.153125 0.11875
3 0.815625 0.5796875 0.3171875 0.0359375
4 0.7890625 0.50703125 0.2390625 0.0625
5 0.94453125 0.5078125 0.0625 0.0859375
1 0.9125 0.32578125 0.128125 0.140625
5 0.84296875 0.17578125 0.2625 0.121875
2 0.928125 0.04921875 0.1 0.0125
0 0.13984375 0.39609375 0.2484375 0.4703125
0 0.1390625 0.79609375 0.25 0.3203125
0 0.81875 0.7546875 0.33125 0.3984375
0 0.459375 0.6984375 0.340625 0.515625
0 0.6375 0.271875 0.69375 0.3265625