3 0.496875 0.28046875 0.95 0.0453125
3 0.86171875 0.33984375 0.234375 0.06875
3 0.4984375 0.809375 0.95625 0.028125
4 0.55859375 0.875 0.1109375 0.0734375
4 0.38046875 0.63203125 0.23125 0.090625
4 0.0765625 0.33359375 0.1109375 0.0546875
4 0.18515625 0.1390625 0.3140625 0.0515625
4 0.8484375 0.12109375 0.240625 0.0140625
4 0.42734375 0.184375 0.13125 0.134375
5 0.1921875 0.209375 0.3296875 0.0859375
5 0.60546875 0.1734375 0.21875 0.1625
5 0.8453125 0.19375 0.2453125 0.115625
6 0.4984375 0.07265625 0.1171875 0.025
6 0.5 0.046875 0.1578125 0.015625
2 0.071875 0.04765625 0.096875 0.0140625
5 0.24375 0.375 0.19375 0.1375
5 0.440625 0.375 0.196875 0.1359375
5 0.63984375 0.37421875 0.190625 0.1359375
5 0.4421875 0.5109375 0.5875 0.1328125
5 0.2 0.9046875 0.3484375 0.1578125
5 0.94375 0.73984375 0.0609375 0.084375
4 0.83125 0.728125 0.153125 0.0640625
1 0.4390625 0.91640625 0.1140625 0.140625
1 0.559375 0.95546875 0.1140625 0.0609375
1 0.68203125 0.90546875 0.1140625 0.1640625
1 0.80078125 0.90546875 0.1078125 0.1609375
1 0.91796875 0.90546875 0.10625 0.1625
5 0.140625 0.61640625 0.0375 0.0203125
1 0.31953125 0.73359375 0.1140625 0.0984375
1 0.43984375 0.73984375 0.1109375 0.090625
1 0.56015625 0.68359375 0.1125 0.2
1 0.6796875 0.684375 0.1125 0.2
1 0.078125 0.46171875 0.1171875 0.19375
1 0.80078125 0.53125 0.1140625 0.2625
1 0.921875 0.52265625 0.1140625 0.28125
1 0.078125 0.5828125 0.1140625 0.040625
1 0.06640625 0.64140625 0.0859375 0.075
1 0.078125 0.73203125 0.109375 0.1046875
1 0.19921875 0.73125 0.1125 0.1046875
1 0.2140625 0.64140625 0.0828125 0.075
1 0.19921875 0.59453125 0.1140625 0.01875
0 0.378125 0.54453125 0.7234375 0.4828125
0 0.4984375 0.890625 0.965625 0.196875
0 0.8609375 0.484375 0.2390625 0.3609375