6 0.49921875 0.140625 0.1828125 0.046875
6 0.50078125 0.08984375 0.159375 0.025
5 0.3203125 0.36875 0.5890625 0.309375
2 0.07265625 0.09375 0.1015625 0.0234375
3 0.3171875 0.61171875 0.590625 0.1375
5 0.1390625 0.77578125 0.2265625 0.109375
5 0.140625 0.9109375 0.221875 0.1515625
5 0.9234375 0.44453125 0.1109375 0.09375
4 0.11328125 0.6984375 0.1671875 0.0265625
1 0.31953125 0.85546875 0.1125 0.2890625
1 0.43984375 0.840625 0.115625 0.31875
1 0.55859375 0.840625 0.1125 0.31875
1 0.678125 0.67265625 0.109375 0.6546875
1 0.8015625 0.609375 0.1109375 0.484375
5 0.86171875 0.9328125 0.2296875 0.134375
1 0.92109375 0.68359375 0.1125 0.3390625
3 0.67734375 0.2578125 0.10625 0.1
3 0.86171875 0.26796875 0.2359375 0.1171875
0 0.3171875 0.6046875 0.5984375 0.790625
0 0.67890625 0.6 0.1140625 0.8
0 0.86171875 0.528125 0.2390625 0.653125