6 0.50078125 0.04609375 0.1546875 0.015625
6 0.50078125 0.071875 0.1328125 0.025
2 0.0703125 0.0484375 0.09375 0.015625
5 0.19765625 0.17890625 0.35 0.1390625
5 0.68203125 0.2015625 0.34375 0.0953125
5 0.86015625 0.43359375 0.23125 0.0796875
5 0.07890625 0.60703125 0.1109375 0.0546875
5 0.1984375 0.60625 0.1078125 0.0515625
5 0.078125 0.665625 0.10625 0.05625
5 0.19921875 0.66484375 0.1125 0.0546875
5 0.86015625 0.77578125 0.228125 0.090625
1 0.078125 0.86015625 0.1140625 0.2515625
1 0.19765625 0.8609375 0.1125 0.2515625
1 0.3171875 0.8609375 0.1125 0.2515625
1 0.43984375 0.86171875 0.1125 0.253125
1 0.56015625 0.86328125 0.1125 0.24375
1 0.68125 0.8875 0.1078125 0.2
1 0.80078125 0.93671875 0.1125 0.1
1 0.92265625 0.92734375 0.1109375 0.1171875
3 0.67421875 0.7484375 0.1046875 0.0421875
3 0.8625 0.8484375 0.23125 0.0328125
1 0.31953125 0.65234375 0.1140625 0.1125
1 0.4390625 0.64375 0.1109375 0.1296875
1 0.56015625 0.64453125 0.1109375 0.1296875
1 0.6796875 0.64375 0.115625 0.1296875
1 0.80234375 0.6296875 0.1125 0.159375
1 0.921875 0.615625 0.1140625 0.1640625
1 0.078125 0.46953125 0.1140625 0.1296875
1 0.19921875 0.4328125 0.1140625 0.20625
1 0.31953125 0.4328125 0.115625 0.2046875
1 0.4390625 0.2640625 0.109375 0.228125
1 0.559375 0.3171875 0.11875 0.125
1 0.68125 0.3171875 0.1109375 0.1234375
1 0.8 0.3171875 0.1125 0.1234375
1 0.92265625 0.26484375 0.1140625 0.2265625
3 0.61875 0.11953125 0.46875 0.028125
3 0.91875 0.128125 0.1078125 0.040625
3 0.19765625 0.290625 0.353125 0.06875
4 0.6078125 0.14609375 0.196875 0.0171875
4 0.0765625 0.35625 0.109375 0.0578125
3 0.36953125 0.5671875 0.696875 0.0203125
3 0.85859375 0.5078125 0.23125 0.0375
1 0.446875 0.47890625 0.103125 0.109375
1 0.559375 0.47890625 0.103125 0.109375
1 0.671875 0.4796875 0.103125 0.1109375
3 0.446875 0.4125 0.1015625 0.0234375
3 0.55859375 0.41171875 0.103125 0.0234375
3 0.6703125 0.4125 0.0984375 0.0234375
0 0.196875 0.32109375 0.365625 0.4328125
0 0.37734375 0.62890625 0.7234375 0.165625
0 0.31640625 0.85390625 0.603125 0.26875
0 0.67890625 0.85625 0.1171875 0.2640625
0 0.8625 0.8578125 0.2390625 0.259375
0 0.8625 0.5515625 0.2421875 0.31875
0 0.92265625 0.24296875 0.1203125 0.275
0 0.6203125 0.24140625 0.4765625 0.278125
0 0.4453125 0.46640625 0.1109375 0.1375
0 0.55859375 0.4671875 0.109375 0.1375
0 0.671875 0.46796875 0.109375 0.1390625