6 0.42109375 0.04765625 0.1578125 0.0140625
6 0.5859375 0.046875 0.1359375 0.0203125
3 0.31953125 0.10703125 0.5921875 0.065625
5 0.31953125 0.23203125 0.346875 0.171875
1 0.0796875 0.38984375 0.1140625 0.4546875
1 0.1984375 0.47734375 0.1125 0.278125
1 0.31953125 0.4765625 0.1125 0.28125
1 0.440625 0.4765625 0.1140625 0.278125
1 0.56015625 0.38046875 0.1140625 0.4703125
1 0.68046875 0.4734375 0.1125 0.2859375
1 0.078125 0.7625 0.1125 0.1578125
1 0.2 0.79140625 0.1140625 0.1
1 0.31953125 0.7546875 0.1125 0.1734375
1 0.43828125 0.75390625 0.1140625 0.1734375
1 0.5609375 0.840625 0.1109375 0.2921875
1 0.68125 0.86953125 0.1140625 0.2328125
1 0.440625 0.93125 0.1125 0.1109375
1 0.3203125 0.93046875 0.1125 0.1109375
1 0.19921875 0.959375 0.115625 0.053125
1 0.07890625 0.93984375 0.1140625 0.0953125
3 0.2546875 0.8640625 0.4640625 0.01875
5 0.19921875 0.8984375 0.109375 0.04375
5 0.68125 0.71015625 0.1078125 0.059375
5 0.19921875 0.69765625 0.1109375 0.0625
3 0.2546875 0.64609375 0.4671875 0.0328125
3 0.6796875 0.65859375 0.346875 0.0359375
3 0.9203125 0.70859375 0.1109375 0.034375
5 0.92265625 0.6546875 0.1078125 0.04375
1 0.8 0.83203125 0.1140625 0.3078125
1 0.92109375 0.8640625 0.1125 0.24375
1 0.80078125 0.49609375 0.1109375 0.2390625
1 0.92109375 0.496875 0.1125 0.240625
4 0.9203125 0.33515625 0.109375 0.0421875
5 0.77109375 0.3390625 0.0484375 0.05
5 0.83125 0.3390625 0.05 0.046875
3 0.796875 0.284375 0.346875 0.0515625
5 0.74921875 0.1734375 0.228125 0.096875
3 0.78984375 0.08828125 0.3109375 0.0140625
1 0.7828125 0.10546875 0.2984375 0.0171875
1 0.91796875 0.13828125 0.096875 0.0234375
1 0.91953125 0.16875 0.0953125 0.0234375
1 0.91796875 0.21171875 0.0953125 0.0515625
1 0.746875 0.23359375 0.2203125 0.0078125
2 0.928125 0.05 0.1 0.0125
0 0.80234375 0.1578125 0.3421875 0.1640625
0 0.3171875 0.34453125 0.603125 0.55
0 0.80078125 0.43671875 0.3578125 0.3640625
0 0.2578125 0.73515625 0.484375 0.2171875
0 0.2578125 0.9203125 0.4796875 0.1375
0 0.921875 0.80859375 0.1171875 0.3578125
0 0.68046875 0.8078125 0.3546875 0.359375