6 0.4953125 0.08046875 0.1515625 0.025
6 0.13671875 0.11796875 0.1828125 0.0265625
2 0.9296875 0.04921875 0.0984375 0.015625
5 0.84375 0.1765625 0.265625 0.121875
5 0.56875 0.271875 0.0515625 0.03125
5 0.56875 0.3265625 0.0484375 0.028125
5 0.94140625 0.51328125 0.0671875 0.0875
5 0.45625 0.6296875 0.04375 0.0296875
5 0.81796875 0.73984375 0.05 0.0296875
3 0.49609375 0.14296875 0.3984375 0.059375
3 0.1203125 0.184375 0.1984375 0.0453125
3 0.4578125 0.465625 0.3234375 0.0421875
3 0.81484375 0.5921875 0.3171875 0.0390625
3 0.13203125 0.6609375 0.221875 0.0375
4 0.37421875 0.903125 0.15625 0.0890625
4 0.1328125 0.21640625 0.2203125 0.01875
4 0.3609375 0.221875 0.1265625 0.084375
1 0.13984375 0.42890625 0.2359375 0.3953125
1 0.36328125 0.35 0.1328125 0.165625
1 0.13984375 0.81796875 0.2328125 0.2734375
1 0.77421875 0.35 0.1296875 0.1671875
1 0.9125 0.32890625 0.1296875 0.125
1 0.3765625 0.55 0.15625 0.115625
1 0.36171875 0.64375 0.128125 0.0703125
1 0.37578125 0.76640625 0.15625 0.1734375
1 0.540625 0.80390625 0.15625 0.2484375
1 0.55390625 0.64375 0.1265625 0.0703125
1 0.53984375 0.5515625 0.1546875 0.115625
1 0.7359375 0.8671875 0.1546875 0.16875
1 0.90078125 0.85625 0.15625 0.1453125
1 0.91484375 0.75078125 0.125 0.0625
1 0.72265625 0.7515625 0.1296875 0.0640625
1 0.7359375 0.6703125 0.15625 0.0984375
1 0.89921875 0.66953125 0.15625 0.0984375
4 0.78671875 0.51015625 0.234375 0.0671875
1 0.653125 0.30859375 0.0984375 0.115625
1 0.48671875 0.30859375 0.0984375 0.115625
1 0.50078125 0.3984375 0.13125 0.0640625
1 0.6375 0.3984375 0.128125 0.0640625
1 0.5 0.215625 0.1296875 0.0703125
1 0.6375 0.215625 0.1296875 0.0703125
0 0.1390625 0.384375 0.2515625 0.4875
0 0.1390625 0.79609375 0.246875 0.3171875
0 0.45625 0.69765625 0.3328125 0.5125
0 0.81640625 0.7609375 0.3328125 0.3875
0 0.63515625 0.27265625 0.6921875 0.325