6 0.54375 0.17890625 0.7609375 0.1109375
2 0.89921875 0.09453125 0.159375 0.01875
3 0.378125 0.3671875 0.471875 0.125
3 0.07890625 0.34140625 0.115625 0.078125
3 0.0765625 0.628125 0.1125 0.0640625
3 0.0765625 0.8390625 0.109375 0.05625
3 0.50078125 0.790625 0.23125 0.0640625
3 0.8 0.8140625 0.35 0.0828125
3 0.859375 0.3734375 0.2265625 0.134375
3 0.68046875 0.3484375 0.1140625 0.090625
1 0.07890625 0.48046875 0.1140625 0.190625
1 0.07890625 0.7390625 0.115625 0.0921875
1 0.07734375 0.93515625 0.1171875 0.1296875
1 0.43984375 0.91484375 0.1125 0.1703125
1 0.55859375 0.9125 0.1140625 0.175
1 0.68203125 0.92890625 0.1140625 0.1421875
1 0.80078125 0.9296875 0.1125 0.140625
1 0.92109375 0.92890625 0.1125 0.1421875
1 0.6796875 0.58984375 0.115625 0.3203125
1 0.80078125 0.61171875 0.1125 0.2796875
1 0.9203125 0.70859375 0.1140625 0.0796875
5 0.92265625 0.53984375 0.1078125 0.1921875
5 0.41171875 0.61015625 0.140625 0.2734375
5 0.2609375 0.878125 0.078125 0.1421875
4 0.5453125 0.56484375 0.1171875 0.20625
1 0.19921875 0.6390625 0.115625 0.33125
1 0.1796875 0.88203125 0.0765625 0.1515625
1 0.3203125 0.97578125 0.1140625 0.0328125
1 0.19921875 0.9796875 0.1171875 0.040625
1 0.33828125 0.88125 0.0703125 0.1515625
1 0.31953125 0.78125 0.1109375 0.0453125
0 0.6796875 0.52421875 0.1203125 0.4578125
0 0.80078125 0.884375 0.35625 0.23125
0 0.5 0.87734375 0.2390625 0.2453125
0 0.8609375 0.52734375 0.2375 0.45625
0 0.078125 0.43828125 0.1203125 0.2859375
0 0.0765625 0.6890625 0.1203125 0.1953125
0 0.07578125 0.90234375 0.1203125 0.1953125
0 0.25859375 0.71875 0.2375 0.5578125