4 0.1953125 0.06953125 0.23125 0.025
3 0.1703125 0.10546875 0.203125 0.01875
4 0.17265625 0.12890625 0.2796875 0.021875
1 0.17109375 0.19296875 0.2921875 0.1015625
1 0.23203125 0.2890625 0.1671875 0.0875
1 0.171875 0.38828125 0.2890625 0.1078125
1 0.17109375 0.52734375 0.290625 0.0609375
1 0.2078125 0.60625 0.2171875 0.09375
1 0.171875 0.68828125 0.290625 0.0671875
1 0.20234375 0.81015625 0.2296875 0.034375
1 0.171875 0.85546875 0.290625 0.0515625
1 0.18984375 0.89296875 0.25625 0.021875
1 0.17265625 0.93984375 0.2890625 0.0703125
1 0.41796875 0.915625 0.153125 0.1171875
5 0.04296875 0.8921875 0.0296875 0.01875
5 0.05546875 0.8109375 0.0546875 0.034375
4 0.1734375 0.7671875 0.2046875 0.0203125
3 0.17265625 0.74296875 0.19375 0.0203125
3 0.175 0.459375 0.178125 0.025
4 0.16953125 0.48359375 0.290625 0.01875
5 0.06171875 0.60546875 0.0671875 0.0890625
5 0.08515625 0.28671875 0.1140625 0.0828125
5 0.0546875 0.0671875 0.0390625 0.0390625
5 0.3703125 0.12734375 0.053125 0.0328125
6 0.384375 0.02578125 0.2 0.015625
3 0.66015625 0.06171875 0.5046875 0.03125
5 0.65859375 0.17421875 0.3078125 0.15
5 0.37109375 0.50078125 0.0546875 0.034375
5 0.41875 0.76875 0.146875 0.08125
5 0.57734375 0.76875 0.1484375 0.08125
5 0.73671875 0.76953125 0.1453125 0.08125
5 0.65390625 0.915625 0.0890625 0.0390625
1 0.5765625 0.86875 0.153125 0.046875
1 0.55234375 0.91640625 0.0953125 0.046875
1 0.5765625 0.95703125 0.15 0.0359375
1 0.7375 0.9578125 0.1484375 0.034375
1 0.75703125 0.915625 0.109375 0.046875
1 0.7375 0.86875 0.1484375 0.046875
1 0.44609375 0.65625 0.2046875 0.1125
1 0.475 0.50078125 0.1453125 0.0359375
1 0.4453125 0.55703125 0.2046875 0.0765625
4 0.61953125 0.56640625 0.121875 0.0125
1 0.6421875 0.6421875 0.16875 0.1390625
1 0.64375 0.53046875 0.178125 0.0109375
1 0.6140625 0.5453125 0.1140625 0.0171875
1 0.65703125 0.49765625 0.2046875 0.053125
3 0.65703125 0.4421875 0.6265625 0.0171875
3 0.659375 0.83046875 0.61875 0.021875
1 0.896875 0.9109375 0.153125 0.13125
4 0.89765625 0.76875 0.121875 0.0734375
4 0.65859375 0.46171875 0.534375 0.0140625
4 0.4171875 0.35625 0.146875 0.1390625
4 0.66015625 0.0859375 0.596875 0.0125
2 0.91953125 0.028125 0.10625 0.00625
1 0.89609375 0.26171875 0.1515625 0.3296875
1 0.57890625 0.34140625 0.1515625 0.1703125
1 0.7375 0.340625 0.1515625 0.171875
1 0.446875 0.12734375 0.09375 0.034375
1 0.41875 0.209375 0.1515625 0.128125
4 0.8484375 0.596875 0.09375 0.00625
1 0.88828125 0.64765625 0.1703125 0.09375
5 0.75859375 0.63046875 0.0625 0.1734375
1 0.871875 0.48671875 0.20625 0.0296875
1 0.90703125 0.51015625 0.1359375 0.015625
1 0.9 0.52265625 0.1484375 0.0046875
1 0.89296875 0.528125 0.1625 0.0046875
1 0.88046875 0.53359375 0.1796875 0.0046875
1 0.803125 0.53984375 0.0484375 0.0046875
1 0.8828125 0.56640625 0.18125 0.046875
0 0.16953125 0.26796875 0.2984375 0.353125
0 0.16796875 0.58515625 0.3015625 0.2796875
0 0.17109375 0.853125 0.3 0.25
0 0.65703125 0.89765625 0.6390625 0.1609375
0 0.659375 0.5734375 0.6390625 0.28125
0 0.6578125 0.23515625 0.6359375 0.390625