2 0.41796875 0.0234375 0.0953125 0.00625
6 0.4921875 0.05078125 0.728125 0.0390625
5 0.07734375 0.075 0.096875 0.096875
4 0.2640625 0.103125 0.2234375 0.0390625
4 0.45078125 0.103125 0.1328125 0.0375
4 0.08125 0.2140625 0.1 0.0359375
4 0.32109375 0.21015625 0.10625 0.0375
1 0.1984375 0.221875 0.1 0.025
1 0.19921875 0.26328125 0.1 0.0375
4 0.19765625 0.2984375 0.103125 0.0171875
4 0.4703125 0.2 0.159375 0.009375
4 0.1828125 0.2046875 0.06875 0.0078125
4 0.18203125 0.2390625 0.0671875 0.00625
1 0.08125 0.3078125 0.1078125 0.13125
1 0.19765625 0.353125 0.10625 0.0171875
1 0.1984375 0.32265625 0.1078125 0.0296875
1 0.3203125 0.3109375 0.1125 0.1234375
1 0.44140625 0.34375 0.1125 0.0578125
1 0.5609375 0.34375 0.1109375 0.0578125
3 0.1375 0.165625 0.221875 0.0640625
3 0.08046875 0.39921875 0.0984375 0.034375
3 0.26015625 0.409375 0.2203125 0.05625
3 0.50234375 0.40625 0.2234375 0.05
3 0.0796875 0.50703125 0.096875 0.01875
3 0.08125 0.584375 0.1015625 0.0203125
3 0.0796875 0.66015625 0.10625 0.0203125
3 0.08046875 0.73671875 0.1015625 0.0203125
3 0.1984375 0.6328125 0.103125 0.0359375
3 0.3828125 0.6296875 0.23125 0.028125
4 0.31953125 0.53046875 0.109375 0.0171875
4 0.440625 0.51640625 0.1015625 0.0234375
4 0.43515625 0.65546875 0.090625 0.0078125
3 0.0828125 0.8171875 0.0984375 0.0328125
3 0.25859375 0.81875 0.2296875 0.03125
3 0.50390625 0.8171875 0.2265625 0.03125
5 0.31953125 0.8703125 0.10625 0.0703125
5 0.5625 0.85859375 0.1046875 0.0453125
5 0.56171875 0.90703125 0.10625 0.046875
1 0.08359375 0.9046875 0.09375 0.140625
1 0.2 0.91015625 0.1078125 0.1296875
1 0.31953125 0.93515625 0.109375 0.0578125
1 0.44296875 0.90546875 0.1078125 0.1421875
1 0.56171875 0.95390625 0.109375 0.021875
1 0.08203125 0.77109375 0.1046875 0.0484375
1 0.1984375 0.72265625 0.10625 0.140625
1 0.3203125 0.7265625 0.1140625 0.134375
1 0.44140625 0.76484375 0.1109375 0.034375
1 0.44375 0.67421875 0.1015625 0.025
1 0.44375 0.70234375 0.10625 0.028125
1 0.44140625 0.73125 0.1015625 0.0234375
1 0.565625 0.7234375 0.103125 0.140625
1 0.08046875 0.69453125 0.1046875 0.046875
1 0.08046875 0.61875 0.1015625 0.0484375
1 0.0796875 0.5421875 0.10625 0.0484375
1 0.2015625 0.53125 0.1125 0.153125
1 0.315625 0.50859375 0.1 0.0171875
1 0.3203125 0.56015625 0.109375 0.0359375
1 0.3203125 0.5890625 0.1125 0.0109375
1 0.44453125 0.56875 0.109375 0.075
1 0.44296875 0.475 0.109375 0.0515625
1 0.5625 0.5625 0.1109375 0.0640625
1 0.56015625 0.51796875 0.0984375 0.0203125
1 0.56171875 0.4921875 0.1015625 0.0296875
1 0.5609375 0.4625 0.0984375 0.025
1 0.0796875 0.4546875 0.1046875 0.071875
5 0.31953125 0.46875 0.10625 0.0609375
4 0.559375 0.44453125 0.103125 0.0078125
3 0.4984375 0.16171875 0.4703125 0.05625
5 0.9140625 0.07421875 0.115625 0.096875
5 0.8 0.796875 0.346875 0.3671875
3 0.5640625 0.6328125 0.1046875 0.0359375
3 0.68359375 0.40546875 0.1046875 0.046875
3 0.86171875 0.40859375 0.221875 0.0546875
3 0.859375 0.16484375 0.225 0.0609375
4 0.61015625 0.10390625 0.1703125 0.0375
4 0.7796875 0.103125 0.146875 0.0390625
1 0.4859375 0.21640625 0.19375 0.01875
1 0.48515625 0.24140625 0.1921875 0.0296875
1 0.4859375 0.2765625 0.190625 0.0375
1 0.6625 0.2515625 0.1484375 0.0875
4 0.65625 0.2 0.1359375 0.009375
4 0.91953125 0.2046875 0.10625 0.0078125
4 0.80390625 0.2140625 0.10625 0.034375
4 0.9203125 0.29765625 0.1015625 0.01875
4 0.9203125 0.53125 0.0953125 0.01875
1 0.684375 0.51328125 0.10625 0.165625
1 0.80390625 0.52421875 0.10625 0.140625
1 0.91953125 0.57421875 0.10625 0.0640625
1 0.92109375 0.45546875 0.1015625 0.03125
1 0.91875 0.48125 0.096875 0.0171875
1 0.91875 0.50390625 0.0984375 0.0234375
1 0.68125 0.3375 0.1109375 0.046875
1 0.80390625 0.3109375 0.1078125 0.125
1 0.91875 0.32265625 0.10625 0.0296875
1 0.91875 0.353125 0.10625 0.0171875
1 0.9203125 0.2234375 0.103125 0.025
1 0.9203125 0.25 0.1015625 0.025
1 0.92109375 0.27265625 0.1015625 0.01875
4 0.43984375 0.30625 0.1171875 0.0125
4 0.559375 0.30546875 0.1078125 0.0125
4 0.678125 0.30546875 0.1109375 0.0125
0 0.13828125 0.253125 0.2328125 0.25
0 0.5015625 0.253125 0.4765625 0.25
0 0.865625 0.25234375 0.228125 0.246875
0 0.08046875 0.4359375 0.1125 0.1140625
0 0.078125 0.53125 0.115625 0.075
0 0.08125 0.60859375 0.1140625 0.078125
0 0.08046875 0.68671875 0.1109375 0.0734375
0 0.07890625 0.76015625 0.115625 0.071875
0 0.2640625 0.496875 0.2328125 0.23125
0 0.50625 0.4953125 0.2390625 0.2375
0 0.1984375 0.7046875 0.1125 0.184375
0 0.38125 0.7046875 0.2375 0.1828125
0 0.56015625 0.70859375 0.10625 0.184375
0 0.6859375 0.48984375 0.1109375 0.2234375
0 0.8609375 0.49453125 0.2234375 0.23125
0 0.08203125 0.89140625 0.1125 0.184375
0 0.26015625 0.88984375 0.2359375 0.1828125
0 0.503125 0.8921875 0.2375 0.184375
0 0.8015625 0.796875 0.3484375 0.3703125