6 0.77890625 0.0359375 0.075 0.0125
2 0.91953125 0.03515625 0.1078125 0.0125
3 0.68671875 0.13984375 0.3375 0.021875
1 0.89296875 0.4875 0.1296875 0.6640625
1 0.75546875 0.61796875 0.128125 0.3984375
1 0.61953125 0.721875 0.128125 0.2
1 0.75625 0.225 0.128125 0.1453125
5 0.75625 0.359375 0.125 0.109375
1 0.61953125 0.328125 0.128125 0.353125
5 0.61953125 0.56484375 0.125 0.109375
1 0.68828125 0.93203125 0.178125 0.109375
1 0.87578125 0.9109375 0.1796875 0.146875
3 0.6765625 0.85546875 0.15625 0.0390625
1 0.5015625 0.9140625 0.1796875 0.1515625
5 0.1265625 0.73359375 0.175 0.1296875
5 0.3140625 0.44453125 0.1765625 0.13125
5 0.4828125 0.31171875 0.121875 0.109375
5 0.128125 0.32578125 0.175 0.13125
3 0.3078125 0.88671875 0.1703125 0.0453125
3 0.30546875 0.63359375 0.159375 0.040625
3 0.10546875 0.58671875 0.134375 0.01875
3 0.29609375 0.134375 0.1390625 0.0390625
3 0.11171875 0.1375 0.1515625 0.0375
6 0.096875 0.08671875 0.115625 0.0203125
1 0.12734375 0.21015625 0.178125 0.0859375
1 0.31484375 0.26875 0.178125 0.20625
1 0.4828125 0.2046875 0.128125 0.0984375
1 0.4828125 0.59453125 0.1265625 0.4453125
1 0.31484375 0.95 0.18125 0.071875
1 0.31328125 0.7578125 0.178125 0.1921875
1 0.31484375 0.5578125 0.178125 0.0859375
1 0.128125 0.89609375 0.178125 0.1828125
1 0.12734375 0.63203125 0.178125 0.0625
1 0.12734375 0.4796875 0.178125 0.16875
0 0.1265625 0.340625 0.184375 0.4578125
0 0.12734375 0.78125 0.184375 0.41875
0 0.31484375 0.35703125 0.184375 0.4953125
0 0.3140625 0.73359375 0.1828125 0.246875
0 0.31484375 0.92578125 0.1859375 0.1296875
0 0.6875 0.47421875 0.5484375 0.7015625
0 0.78125 0.91328125 0.3734375 0.1609375
0 0.50078125 0.9140625 0.1828125 0.159375