2 0.07421875 0.0625 0.0921875 0.0171875
6 0.0609375 0.0484375 0.0703125 0.0125
6 0.50078125 0.05703125 0.121875 0.0328125
3 0.44140625 0.146875 0.821875 0.1
4 0.3203125 0.21640625 0.58125 0.0328125
4 0.275 0.2671875 0.2546875 0.0296875
1 0.0828125 0.63515625 0.1109375 0.7296875
1 0.20234375 0.87890625 0.1078125 0.2421875
1 0.321875 0.88203125 0.1109375 0.2359375
1 0.4421875 0.88046875 0.109375 0.2390625
1 0.5609375 0.62109375 0.109375 0.7578125
1 0.67890625 0.671875 0.1078125 0.65625
1 0.8 0.6484375 0.109375 0.703125
5 0.3875 0.41328125 0.2171875 0.25
1 0.2109375 0.33359375 0.1125 0.0828125
1 0.209375 0.47109375 0.1125 0.1828125
1 0.20703125 0.59140625 0.1078125 0.05
1 0.2046875 0.63828125 0.1046875 0.034375
1 0.21328125 0.7 0.125 0.0828125
5 0.31640625 0.64609375 0.0765625 0.203125
5 0.39453125 0.64609375 0.075 0.1984375
1 0.9171875 0.64921875 0.1125 0.7015625
3 0.7375 0.2390625 0.23125 0.0875
3 0.9125 0.1734375 0.1046875 0.153125
0 0.3203125 0.5984375 0.5953125 0.803125
0 0.9171875 0.54453125 0.1171875 0.9109375
0 0.7390625 0.59375 0.2375 0.8125