6 0.50078125 0.021875 0.1484375 0.0125
3 0.09296875 0.05859375 0.1140625 0.0265625
3 0.3046875 0.0734375 0.275 0.0609375
4 0.5296875 0.06640625 0.153125 0.04375
5 0.38515625 0.1875 0.4375 0.1609375
5 0.06015625 0.11171875 0.059375 0.040625
1 0.09453125 0.08203125 0.1125 0.0109375
1 0.12421875 0.11171875 0.0578125 0.0453125
1 0.09296875 0.178125 0.1125 0.0859375
4 0.09296875 0.2359375 0.1125 0.0171875
1 0.0953125 0.2984375 0.1125 0.10625
4 0.09296875 0.371875 0.1109375 0.034375
1 0.09453125 0.44453125 0.1125 0.10625
4 0.303125 0.2828125 0.2734375 0.01875
1 0.23671875 0.30703125 0.1421875 0.0171875
5 0.190625 0.3359375 0.059375 0.0359375
1 0.26796875 0.33671875 0.0828125 0.0390625
1 0.23828125 0.42890625 0.140625 0.1453125
1 0.3890625 0.45 0.1421875 0.1046875
1 0.38671875 0.37421875 0.1265625 0.034375
1 0.3890625 0.3265625 0.1296875 0.0359375
1 0.54140625 0.41171875 0.1359375 0.16875
3 0.53671875 0.30625 0.1265625 0.0296875
4 0.35703125 0.30625 0.0671875 0.00625
4 0.38203125 0.353125 0.1171875 0.00625
3 0.103125 0.53984375 0.1359375 0.0203125
3 0.3453125 0.528125 0.2875 0.03125
3 0.56015625 0.53515625 0.1109375 0.04375
3 0.46484375 0.77734375 0.5359375 0.015625
5 0.221875 0.8375 0.05 0.0359375
1 0.109375 0.609375 0.146875 0.1109375
1 0.10859375 0.71796875 0.14375 0.0953125
1 0.109375 0.8046875 0.146875 0.0703125
1 0.109375 0.878125 0.1453125 0.0640625
1 0.26953125 0.65859375 0.1421875 0.2
1 0.41953125 0.653125 0.1453125 0.209375
1 0.56171875 0.65859375 0.1140625 0.2
4 0.1078125 0.9484375 0.14375 0.0421875
1 0.259375 0.959375 0.1265625 0.03125
1 0.39609375 0.91875 0.1296875 0.1125
1 0.5546875 0.8328125 0.1515625 0.040625
1 0.396875 0.82578125 0.1296875 0.065625
1 0.26015625 0.8046875 0.1265625 0.0234375
1 0.28828125 0.8375 0.075 0.040625
1 0.26015625 0.8984375 0.1296875 0.08125
4 0.540625 0.8046875 0.1296875 0.009375
4 0.5984375 0.959375 0.2421875 0.01875
4 0.5984375 0.8609375 0.2421875 0.0125
1 0.59921875 0.9078125 0.246875 0.0796875
5 0.68203125 0.81953125 0.096875 0.0484375
1 0.79921875 0.928125 0.109375 0.09375
1 0.9171875 0.890625 0.1109375 0.1703125
1 0.79921875 0.834375 0.109375 0.059375
3 0.859375 0.78515625 0.221875 0.0328125
3 0.8015625 0.53046875 0.3328125 0.0359375
3 0.7359375 0.06015625 0.2140625 0.040625
3 0.9171875 0.06484375 0.109375 0.05
2 0.91953125 0.02421875 0.1046875 0.00625
1 0.675 0.1640625 0.10625 0.1640625
1 0.79140625 0.16328125 0.10625 0.1640625
1 0.91640625 0.12109375 0.1140625 0.059375
1 0.9171875 0.35234375 0.1140625 0.3
1 0.73203125 0.4734375 0.2234375 0.059375
1 0.675 0.35390625 0.1046875 0.125
1 0.79140625 0.353125 0.1078125 0.121875
3 0.67578125 0.27265625 0.1078125 0.034375
3 0.784375 0.27265625 0.0921875 0.034375
1 0.6828125 0.65625 0.1078125 0.2046875
1 0.80078125 0.7 0.109375 0.1171875
1 0.9171875 0.58828125 0.109375 0.071875
1 0.91875 0.69453125 0.109375 0.1265625
5 0.8 0.5921875 0.10625 0.0734375
0 0.0921875 0.1328125 0.1203125 0.18125
0 0.09296875 0.2890625 0.11875 0.128125
0 0.09296875 0.4265625 0.1171875 0.1453125
0 0.10859375 0.71953125 0.1515625 0.384375
0 0.85859375 0.87109375 0.2328125 0.2109375
0 0.8015625 0.634375 0.353125 0.25
0 0.73203125 0.1421875 0.228125 0.209375
0 0.9171875 0.27109375 0.121875 0.4671875
0 0.675 0.33515625 0.1125 0.165625
0 0.79140625 0.33515625 0.1140625 0.1640625
0 0.540625 0.39375 0.1421875 0.209375
0 0.56015625 0.6359375 0.1203125 0.25
0 0.34375 0.634375 0.3015625 0.25
0 0.31328125 0.3875 0.3 0.2328125
0 0.734375 0.4640625 0.2265625 0.08125
0 0.59921875 0.88359375 0.25625 0.1765625
0 0.328125 0.88359375 0.2703125 0.1859375