1 0.0828125 0.6078125 0.1125 0.7703125
1 0.20234375 0.88515625 0.1125 0.215625
1 0.32265625 0.9609375 0.1109375 0.065625
1 0.32265625 0.815625 0.1109375 0.078125
1 0.4421875 0.8859375 0.1125 0.215625
5 0.26796875 0.6234375 0.2359375 0.29375
5 0.3203125 0.89140625 0.1140625 0.0546875
5 0.2671875 0.3375 0.2359375 0.2171875
4 0.22890625 0.2140625 0.1609375 0.021875
4 0.42578125 0.64453125 0.06875 0.190625
4 0.4984375 0.659375 0.0640625 0.2109375
4 0.5765625 0.6578125 0.0703125 0.209375
1 0.56171875 0.88515625 0.109375 0.215625
1 0.678125 0.65234375 0.1125 0.6796875
1 0.7984375 0.6515625 0.1125 0.6828125
1 0.91640625 0.896875 0.1125 0.190625
1 0.915625 0.61953125 0.1109375 0.3296875
1 0.91640625 0.34296875 0.1140625 0.1171875
3 0.90234375 0.4328125 0.0828125 0.034375
3 0.6765625 0.22578125 0.10625 0.125
3 0.85234375 0.22109375 0.225 0.1203125
2 0.91875 0.05234375 0.10625 0.0125
6 0.88984375 0.0390625 0.075 0.0109375
4 0.446875 0.26640625 0.1125 0.1265625
4 0.55859375 0.265625 0.1078125 0.121875
4 0.4453125 0.40703125 0.1125 0.140625
4 0.559375 0.40859375 0.10625 0.140625
6 0.36953125 0.0484375 0.1328125 0.025
3 0.4984375 0.11328125 0.94375 0.08125
4 0.3203125 0.1765625 0.590625 0.0328125
0 0.684375 0.575 0.1140625 0.84375
0 0.86171875 0.5765625 0.2359375 0.846875
0 0.31953125 0.5734375 0.6015625 0.840625