6 0.40703125 0.0234375 0.1625 0.0140625
2 0.0859375 0.0265625 0.1078125 0.00625
3 0.5015625 0.05859375 0.9359375 0.040625
3 0.2640625 0.10390625 0.4671875 0.04375
1 0.0828125 0.25078125 0.1140625 0.215625
1 0.20234375 0.2859375 0.1140625 0.1421875
1 0.3234375 0.2859375 0.1125 0.1453125
1 0.440625 0.2421875 0.1125 0.228125
1 0.08359375 0.58984375 0.1125 0.3390625
1 0.20703125 0.60703125 0.103125 0.3078125
1 0.31953125 0.6921875 0.1046875 0.1328125
1 0.44140625 0.69140625 0.115625 0.134375
1 0.44140625 0.5765625 0.1125 0.0828125
1 0.3171875 0.5765625 0.1015625 0.0828125
1 0.44140625 0.46328125 0.1140625 0.0890625
1 0.5859375 0.25625 0.146875 0.18125
1 0.58671875 0.39296875 0.14375 0.071875
1 0.5859375 0.53046875 0.1453125 0.1828125
1 0.58515625 0.65 0.1453125 0.034375
1 0.56640625 0.7328125 0.109375 0.053125
1 0.0828125 0.8921875 0.1109375 0.1671875
1 0.2015625 0.884375 0.1078125 0.184375
1 0.31953125 0.88515625 0.1109375 0.1828125
1 0.43828125 0.884375 0.1125 0.1828125
1 0.55703125 0.88359375 0.109375 0.1828125
1 0.68046875 0.9015625 0.109375 0.146875
1 0.79921875 0.925 0.1109375 0.1
1 0.68359375 0.72578125 0.109375 0.0671875
1 0.8015625 0.72578125 0.1125 0.0671875
1 0.740625 0.44296875 0.14375 0.1703125
3 0.31953125 0.77890625 0.5703125 0.0234375
3 0.08515625 0.390625 0.115625 0.0546875
3 0.26171875 0.39921875 0.215625 0.0671875
3 0.44140625 0.390625 0.1125 0.053125
4 0.44140625 0.52265625 0.115625 0.01875
4 0.3171875 0.521875 0.0984375 0.021875
5 0.31796875 0.46953125 0.0984375 0.059375
5 0.8 0.83828125 0.1046875 0.0546875
5 0.2625 0.1671875 0.2265625 0.078125
1 0.91875 0.8921875 0.109375 0.1640625
1 0.91953125 0.7265625 0.109375 0.0671875
3 0.8 0.7890625 0.3375 0.04375
3 0.74296875 0.6828125 0.4578125 0.01875
3 0.7421875 0.11328125 0.4453125 0.053125
4 0.7375 0.153125 0.45 0.021875
4 0.81328125 0.64375 0.096875 0.0515625
5 0.81796875 0.2796875 0.29375 0.153125
5 0.7890625 0.17421875 0.23125 0.01875
1 0.7390625 0.5765625 0.1421875 0.075
1 0.71484375 0.64140625 0.0953125 0.0515625
1 0.91484375 0.64140625 0.096875 0.0515625
1 0.8921875 0.48671875 0.1453125 0.2578125
0 0.31875 0.871875 0.5921875 0.2125
0 0.80078125 0.87265625 0.3546875 0.2125
0 0.7421875 0.7171875 0.46875 0.0890625
0 0.73828125 0.3765625 0.4578125 0.5875
0 0.08359375 0.5609375 0.1203125 0.4
0 0.26171875 0.5625 0.2234375 0.4
0 0.440625 0.56171875 0.1203125 0.3984375
0 0.2625 0.21953125 0.478125 0.28125