1 0.08046875 0.87265625 0.1078125 0.20625
1 0.20234375 0.87265625 0.1078125 0.2046875
1 0.3171875 0.90390625 0.1078125 0.1421875
1 0.4421875 0.87265625 0.1125 0.2046875
1 0.565625 0.871875 0.1078125 0.2046875
5 0.31796875 0.790625 0.10625 0.040625
3 0.08125 0.75078125 0.10625 0.0359375
3 0.259375 0.7515625 0.221875 0.034375
3 0.440625 0.75078125 0.1109375 0.034375
3 0.2 0.559375 0.3421875 0.0359375
3 0.5 0.578125 0.23125 0.0265625
5 0.19921875 0.60390625 0.1078125 0.040625
4 0.2 0.64140625 0.1109375 0.03125
1 0.084375 0.653125 0.1109375 0.140625
1 0.20078125 0.6921875 0.1125 0.065625
1 0.3171875 0.65390625 0.1125 0.1421875
1 0.44140625 0.65859375 0.1109375 0.1296875
1 0.559375 0.65859375 0.1109375 0.1296875
1 0.43984375 0.50703125 0.0921875 0.09375
5 0.49375 0.36953125 0.0359375 0.0640625
1 0.3234375 0.446875 0.109375 0.171875
1 0.203125 0.4203125 0.1125 0.2234375
1 0.084375 0.48125 0.1125 0.0984375
5 0.08359375 0.41328125 0.1109375 0.03125
5 0.05234375 0.234375 0.0484375 0.0359375
5 0.203125 0.1984375 0.1109375 0.0359375
1 0.3203125 0.25390625 0.1109375 0.1359375
1 0.20390625 0.2640625 0.1109375 0.0828125
1 0.084375 0.3265625 0.1125 0.1390625
1 0.1109375 0.2359375 0.0609375 0.040625
1 0.084375 0.203125 0.1109375 0.0234375
4 0.14609375 0.16640625 0.2359375 0.021875
3 0.2046875 0.1265625 0.35 0.0484375
3 0.3203125 0.17109375 0.1078125 0.028125
3 0.32109375 0.34140625 0.10625 0.03125
4 0.4203125 0.4546875 0.053125 0.0078125
4 0.51484375 0.503125 0.040625 0.0078125
4 0.41875 0.2984375 0.053125 0.0078125
4 0.41953125 0.1703125 0.046875 0.0078125
4 0.3 0.08046875 0.421875 0.021875
5 0.05859375 0.05546875 0.065625 0.0828125
6 0.5 0.0390625 0.459375 0.0296875
2 0.55859375 0.0609375 0.0921875 0.00625
6 0.43125 0.06015625 0.0671875 0.0078125
5 0.94453125 0.05546875 0.053125 0.08125
5 0.71875 0.23046875 0.1953125 0.0703125
5 0.715625 0.309375 0.1921875 0.06875
5 0.859375 0.66015625 0.046875 0.0359375
5 0.9125 0.8015625 0.1015625 0.0796875
1 0.6828125 0.86953125 0.10625 0.153125
1 0.8015625 0.878125 0.10625 0.1875
1 0.91171875 0.9078125 0.103125 0.1296875
1 0.684375 0.9625 0.109375 0.025
4 0.68203125 0.78046875 0.109375 0.0203125
3 0.62265625 0.75078125 0.2234375 0.0328125
3 0.8 0.765625 0.1015625 0.03125
3 0.67890625 0.57578125 0.1109375 0.021875
3 0.85703125 0.578125 0.228125 0.028125
1 0.6796875 0.65546875 0.1140625 0.1359375
1 0.796875 0.6171875 0.1125 0.0484375
1 0.91484375 0.61875 0.1109375 0.046875
1 0.78515625 0.6625 0.090625 0.0390625
1 0.93046875 0.6625 0.0828125 0.0390625
1 0.7984375 0.703125 0.1125 0.0421875
1 0.915625 0.703125 0.1109375 0.040625
1 0.58203125 0.53125 0.171875 0.046875
1 0.75078125 0.53046875 0.146875 0.046875
1 0.89765625 0.53046875 0.1328125 0.046875
4 0.7140625 0.50234375 0.075 0.0078125
4 0.86328125 0.503125 0.0609375 0.0078125
1 0.8875 0.2671875 0.1359375 0.15625
1 0.78515625 0.165625 0.3328125 0.040625
4 0.66953125 0.1390625 0.0984375 0.00625
3 0.68046875 0.1203125 0.571875 0.0234375
4 0.7234375 0.08125 0.39375 0.0234375
4 0.8109375 0.04140625 0.140625 0.034375
1 0.5515625 0.18515625 0.1078125 0.08125
1 0.43984375 0.2328125 0.0890625 0.11875
1 0.55234375 0.29609375 0.1125 0.0859375
1 0.5671875 0.37109375 0.0734375 0.0640625
1 0.55 0.43203125 0.1078125 0.05625
1 0.43671875 0.3203125 0.0828125 0.034375
1 0.42734375 0.37265625 0.0703125 0.0703125
1 0.4390625 0.42890625 0.090625 0.040625
1 0.55078125 0.48359375 0.1078125 0.025
1 0.66796875 0.46484375 0.1078125 0.0578125
1 0.66953125 0.39453125 0.1078125 0.075
1 0.76328125 0.46875 0.059375 0.0515625
1 0.78671875 0.421875 0.1109375 0.040625
1 0.7875 0.37734375 0.1046875 0.0390625
1 0.90546875 0.4140625 0.1078125 0.0578125
1 0.928125 0.46875 0.0640625 0.0515625
1 0.9046875 0.36875 0.1109375 0.0234375
0 0.14453125 0.34453125 0.240625 0.38125
0 0.32109375 0.23984375 0.1140625 0.1671875
0 0.32265625 0.428125 0.1140625 0.2078125
0 0.2 0.6328125 0.3515625 0.1875
0 0.0796875 0.85390625 0.1125 0.246875
0 0.25859375 0.8546875 0.228125 0.2453125
0 0.440625 0.85390625 0.11875 0.2453125
0 0.49921875 0.64375 0.2359375 0.1640625
0 0.6796875 0.64375 0.1171875 0.1609375
0 0.62421875 0.8546875 0.23125 0.2453125
0 0.85546875 0.86015625 0.2203125 0.228125
0 0.85703125 0.64375 0.2375 0.1640625
0 0.7859375 0.24375 0.340625 0.21875
0 0.7875 0.42578125 0.35 0.1390625
0 0.58046875 0.5265625 0.178125 0.059375
0 0.75 0.5265625 0.1546875 0.059375
0 0.8984375 0.52734375 0.1375 0.059375
0 0.55078125 0.31875 0.1125 0.3546875
0 0.43984375 0.22890625 0.09375 0.128125
0 0.4390625 0.371875 0.0953125 0.1578125
0 0.43984375 0.50390625 0.096875 0.10625