4 0.0984375 0.02734375 0.1359375 0.0234375
4 0.2171875 0.06640625 0.059375 0.034375
4 0.08046875 0.06171875 0.1015625 0.0390625
1 0.0828125 0.19765625 0.1078125 0.0953125
1 0.2 0.1921875 0.1109375 0.10625
1 0.3171875 0.22109375 0.109375 0.046875
1 0.43515625 0.22109375 0.10625 0.046875
1 0.5546875 0.1921875 0.109375 0.10625
4 0.3703125 0.1453125 0.209375 0.00625
1 0.3171875 0.171875 0.1015625 0.0453125
1 0.43046875 0.17265625 0.0984375 0.0453125
3 0.2578125 0.28203125 0.440625 0.0546875
3 0.08515625 0.58203125 0.1078125 0.0453125
3 0.3234375 0.5828125 0.3171875 0.046875
4 0.23828125 0.865625 0.178125 0.0375
4 0.3734375 0.6234375 0.2046875 0.0203125
4 0.25859375 0.3203125 0.459375 0.015625
1 0.08125 0.4453125 0.1078125 0.20625
1 0.19921875 0.4953125 0.109375 0.10625
1 0.3171875 0.4953125 0.1078125 0.1046875
1 0.43359375 0.440625 0.10625 0.2171875
5 0.20078125 0.37890625 0.1046875 0.071875
5 0.3125 0.37890625 0.1125 0.0703125
4 0.2578125 0.33828125 0.221875 0.0078125
1 0.184375 0.42734375 0.0734375 0.025
1 0.25546875 0.42734375 0.0640625 0.0234375
1 0.33125 0.428125 0.06875 0.0234375
1 0.08515625 0.73203125 0.1140625 0.134375
1 0.2078125 0.73203125 0.1046875 0.1328125
1 0.32265625 0.75625 0.1015625 0.0875
1 0.43671875 0.75625 0.1046875 0.0859375
1 0.37890625 0.6703125 0.215625 0.06875
1 0.084375 0.62421875 0.1125 0.0125
1 0.10703125 0.64765625 0.0703125 0.03125
1 0.20703125 0.6234375 0.10625 0.0109375
1 0.23046875 0.64765625 0.0578125 0.034375
5 0.04765625 0.646875 0.0390625 0.03125
5 0.17578125 0.64765625 0.0390625 0.0296875
5 0.3515625 0.8625 0.04375 0.0296875
1 0.20546875 0.90703125 0.109375 0.025
1 0.3140625 0.90703125 0.0984375 0.025
1 0.0828125 0.91328125 0.1109375 0.1234375
1 0.20234375 0.9484375 0.1109375 0.0515625
1 0.32109375 0.9484375 0.1140625 0.053125
1 0.4421875 0.90546875 0.1125 0.140625
1 0.5625 0.9046875 0.1140625 0.140625
3 0.3234375 0.8203125 0.5890625 0.0203125
3 0.56015625 0.671875 0.109375 0.0390625
3 0.55859375 0.38125 0.1078125 0.046875
3 0.37734375 0.109375 0.703125 0.025
4 0.378125 0.128125 0.7 0.0109375
6 0.50234375 0.03046875 0.5046875 0.03125
2 0.66015625 0.0515625 0.0921875 0.00625
5 0.42421875 0.06796875 0.3296875 0.040625
5 0.88828125 0.05390625 0.16875 0.0671875
5 0.85546875 0.17109375 0.228125 0.146875
5 0.5578125 0.30546875 0.1125 0.0921875
5 0.77265625 0.83671875 0.05 0.0375
5 0.9484375 0.83671875 0.05 0.0375
4 0.80390625 0.7171875 0.340625 0.0140625
3 0.715625 0.75546875 0.1609375 0.05625
3 0.890625 0.75625 0.1671875 0.05625
1 0.715625 0.91640625 0.16875 0.1171875
1 0.890625 0.91640625 0.16875 0.115625
1 0.715625 0.8015625 0.16875 0.03125
1 0.88984375 0.8015625 0.16875 0.0296875
1 0.6875 0.8375 0.115625 0.0390625
1 0.86171875 0.8375 0.1125 0.0390625
1 0.559375 0.746875 0.1125 0.1046875
1 0.5609375 0.62421875 0.1125 0.034375
1 0.68515625 0.6625 0.1109375 0.0765625
1 0.80234375 0.6828125 0.109375 0.0359375
1 0.91953125 0.65625 0.109375 0.0875
1 0.8015625 0.62734375 0.1078125 0.028125
4 0.553125 0.6 0.0984375 0.0109375
3 0.8015625 0.59140625 0.3421875 0.0421875
1 0.56015625 0.5046875 0.1125 0.171875
1 0.684375 0.4546875 0.109375 0.2109375
1 0.803125 0.51328125 0.109375 0.09375
1 0.9203125 0.51328125 0.10625 0.09375
1 0.85703125 0.44453125 0.2203125 0.0359375
4 0.85859375 0.41953125 0.2171875 0.0078125
4 0.8015625 0.321875 0.334375 0.025
3 0.80234375 0.28125 0.3390625 0.0515625
4 0.85703125 0.34375 0.215625 0.00625
1 0.8046875 0.3796875 0.1 0.059375
1 0.91953125 0.38046875 0.1015625 0.05625
1 0.67265625 0.1921875 0.109375 0.10625
0 0.378125 0.171875 0.7078125 0.1609375
0 0.2578125 0.40546875 0.4671875 0.30625
0 0.2578125 0.68046875 0.4703125 0.25
0 0.803125 0.40859375 0.3515625 0.3125
0 0.8015625 0.6359375 0.35 0.1375
0 0.8046875 0.84375 0.3484375 0.2765625
0 0.56171875 0.45078125 0.125 0.3953125
0 0.5609375 0.72734375 0.125 0.15625
0 0.32265625 0.8890625 0.603125 0.171875
0 0.80625 0.84375 0.35 0.271875