6 0.49921875 0.0515625 0.1546875 0.028125
3 0.2578125 0.1546875 0.459375 0.1359375
4 0.25625 0.246875 0.45 0.0328125
5 0.2 0.37890625 0.1046875 0.203125
1 0.08125 0.48984375 0.109375 0.3765625
1 0.19921875 0.59453125 0.109375 0.16875
1 0.3171875 0.475 0.109375 0.4046875
1 0.434375 0.4765625 0.109375 0.4046875
3 0.2609375 0.72578125 0.4625 0.0453125
1 0.08203125 0.9015625 0.1109375 0.196875
1 0.434375 0.88046875 0.109375 0.2390625
1 0.31796875 0.95078125 0.109375 0.0984375
1 0.19921875 0.95078125 0.1078125 0.0984375
1 0.17421875 0.87890625 0.059375 0.0390625
1 0.34453125 0.87890625 0.0546875 0.0390625
1 0.19765625 0.81015625 0.109375 0.096875
1 0.3171875 0.80859375 0.1078125 0.09375
4 0.259375 0.878125 0.078125 0.0171875
4 0.55859375 0.54296875 0.109375 0.0203125
2 0.91953125 0.05859375 0.10625 0.0125
6 0.890625 0.04375 0.0734375 0.0109375
3 0.7390625 0.16953125 0.2078125 0.1578125
3 0.5609375 0.15703125 0.1140625 0.1234375
3 0.91640625 0.153125 0.1125 0.125
1 0.56015625 0.39140625 0.1125 0.2640625
1 0.559375 0.7828125 0.1140625 0.434375
1 0.68203125 0.6515625 0.103125 0.696875
1 0.79375 0.734375 0.103125 0.53125
1 0.915625 0.61484375 0.1125 0.7703125
5 0.79375 0.33125 0.1015625 0.1359375
0 0.25703125 0.3828125 0.4703125 0.609375
0 0.2578125 0.846875 0.471875 0.30625
0 0.5609375 0.54296875 0.121875 0.9140625
0 0.7390625 0.5421875 0.225 0.915625
0 0.91796875 0.540625 0.1234375 0.91875